7495.35 7492.47 7489.62 7486.86 7484.25 7481.84 7479.72 7477.96 7476.63 7475.8 7475.52 7475.8 7476.63 7477.96 7479.72 7481.84 7484.25 7486.86 7489.62 7492.47 7495.35 7498.24 7501.08 7503.83 7506.45 7508.89 7511.09 7513.01 7514.59 7515.76 7516.48 7516.73 7516.48 7515.76 7514.59 7513.01 7511.09 7508.89 7506.45 7503.83 7501.08 7498.24 
7492.47 7489.48 7486.47 7483.51 7480.66 7477.98 7475.57 7473.53 7471.98 7471 7470.66 7471 7471.98 7473.53 7475.57 7477.98 7480.66 7483.51 7486.47 7489.48 7492.47 7495.4 7498.24 7500.94 7503.48 7505.8 7507.88 7509.65 7511.09 7512.15 7512.81 7513.03 7512.81 7512.15 7511.09 7509.65 7507.88 7505.8 7503.48 7500.94 7498.24 7495.4 
7489.62 7486.47 7483.26 7480.03 7476.84 7473.79 7470.99 7468.57 7466.69 7465.49 7465.07 7465.49 7466.69 7468.57 7470.99 7473.79 7476.84 7480.03 7483.26 7486.47 7489.62 7492.65 7495.53 7498.24 7500.73 7502.99 7504.98 7506.66 7508.01 7509 7509.6 7509.81 7509.6 7509 7508.01 7506.66 7504.98 7502.99 7500.73 7498.24 7495.53 7492.65 
7486.86 7483.51 7480.03 7476.44 7472.84 7469.3 7465.96 7463.01 7460.65 7459.11 7458.57 7459.11 7460.65 7463.01 7465.96 7469.3 7472.84 7476.44 7480.03 7483.51 7486.86 7490.03 7493 7495.74 7498.24 7500.47 7502.41 7504.03 7505.33 7506.27 7506.84 7507.03 7506.84 7506.27 7505.33 7504.03 7502.41 7500.47 7498.24 7495.74 7493 7490.03 
7484.25 7480.66 7476.84 7472.84 7468.7 7464.53 7460.49 7456.78 7453.72 7451.66 7450.92 7451.66 7453.72 7456.78 7460.49 7464.53 7468.7 7472.84 7476.84 7480.66 7484.25 7487.59 7490.67 7493.48 7496.01 7498.24 7500.16 7501.75 7503.01 7503.92 7504.47 7504.66 7504.47 7503.92 7503.01 7501.75 7500.16 7498.24 7496.01 7493.48 7490.67 7487.59 
7481.84 7477.98 7473.79 7469.3 7464.53 7459.58 7454.59 7449.82 7445.7 7442.8 7441.72 7442.8 7445.7 7449.82 7454.59 7459.58 7464.53 7469.3 7473.79 7477.98 7481.84 7485.38 7488.6 7491.5 7494.07 7496.32 7498.24 7499.82 7501.07 7501.96 7502.5 7502.68 7502.5 7501.96 7501.07 7499.82 7498.24 7496.32 7494.07 7491.5 7488.6 7485.38 
7479.72 7475.57 7470.99 7465.96 7460.49 7454.59 7448.38 7442.14 7436.38 7432.01 7430.27 7432.01 7436.38 7442.14 7448.38 7454.59 7460.49 7465.96 7470.99 7475.57 7479.72 7483.47 7486.83 7489.81 7492.44 7494.72 7496.65 7498.24 7499.47 7500.36 7500.89 7501.07 7500.89 7500.36 7499.47 7498.24 7496.65 7494.72 7492.44 7489.81 7486.83 7483.47 
7477.96 7473.53 7468.57 7463.01 7456.78 7449.82 7442.14 7433.87 7425.56 7418.52 7415.25 7418.52 7425.56 7433.87 7442.14 7449.82 7456.78 7463.01 7468.57 7473.53 7477.96 7481.9 7485.39 7488.46 7491.15 7493.46 7495.41 7497 7498.24 7499.12 7499.65 7499.83 7499.65 7499.12 7498.24 7497 7495.41 7493.46 7491.15 7488.46 7485.39 7481.9 
7476.63 7471.98 7466.69 7460.65 7453.72 7445.7 7436.38 7425.56 7413.38 7401.15 7393.61 7401.15 7413.38 7425.56 7436.38 7445.7 7453.72 7460.65 7466.69 7471.98 7476.63 7480.72 7484.33 7487.48 7490.21 7492.55 7494.52 7496.12 7497.36 7498.24 7498.77 7498.94 7498.77 7498.24 7497.36 7496.12 7494.52 7492.55 7490.21 7487.48 7484.33 7480.72 
7475.8 7471 7465.49 7459.11 7451.66 7442.8 7432.01 7418.52 7401.15 7379 7356.82 7379 7401.15 7418.52 7432.01 7442.8 7451.66 7459.11 7465.49 7471 7475.8 7480 7483.67 7486.88 7489.64 7492 7493.98 7495.59 7496.83 7497.71 7498.24 7498.42 7498.24 7497.71 7496.83 7495.59 7493.98 7492 7489.64 7486.88 7483.67 7480 
7475.52 7470.66 7465.07 7458.57 7450.92 7441.72 7430.27 7415.25 7393.61 7356.82 7275.65 7356.82 7393.61 7415.25 7430.27 7441.72 7450.92 7458.57 7465.07 7470.66 7475.52 7479.76 7483.45 7486.67 7489.45 7491.82 7493.8 7495.41 7496.65 7497.53 7498.06 7498.24 7498.06 7497.53 7496.65 7495.41 7493.8 7491.82 7489.45 7486.67 7483.45 7479.76 
7475.8 7471 7465.49 7459.11 7451.66 7442.8 7432.01 7418.52 7401.15 7379 7356.82 7379 7401.15 7418.52 7432.01 7442.8 7451.66 7459.11 7465.49 7471 7475.8 7480 7483.67 7486.88 7489.64 7492 7493.98 7495.59 7496.83 7497.71 7498.24 7498.42 7498.24 7497.71 7496.83 7495.59 7493.98 7492 7489.64 7486.88 7483.67 7480 
7476.63 7471.98 7466.69 7460.65 7453.72 7445.7 7436.38 7425.56 7413.38 7401.15 7393.61 7401.15 7413.38 7425.56 7436.38 7445.7 7453.72 7460.65 7466.69 7471.98 7476.63 7480.72 7484.33 7487.48 7490.21 7492.55 7494.52 7496.12 7497.36 7498.24 7498.77 7498.94 7498.77 7498.24 7497.36 7496.12 7494.52 7492.55 7490.21 7487.48 7484.33 7480.72 
7477.96 7473.53 7468.57 7463.01 7456.78 7449.82 7442.14 7433.87 7425.56 7418.52 7415.25 7418.52 7425.56 7433.87 7442.14 7449.82 7456.78 7463.01 7468.57 7473.53 7477.96 7481.9 7485.39 7488.46 7491.15 7493.46 7495.41 7497 7498.24 7499.12 7499.65 7499.83 7499.65 7499.12 7498.24 7497 7495.41 7493.46 7491.15 7488.46 7485.39 7481.9 
7479.72 7475.57 7470.99 7465.96 7460.49 7454.59 7448.38 7442.14 7436.38 7432.01 7430.27 7432.01 7436.38 7442.14 7448.38 7454.59 7460.49 7465.96 7470.99 7475.57 7479.72 7483.47 7486.83 7489.81 7492.44 7494.72 7496.65 7498.24 7499.47 7500.36 7500.89 7501.07 7500.89 7500.36 7499.47 7498.24 7496.65 7494.72 7492.44 7489.81 7486.83 7483.47 
7481.84 7477.98 7473.79 7469.3 7464.53 7459.58 7454.59 7449.82 7445.7 7442.8 7441.72 7442.8 7445.7 7449.82 7454.59 7459.58 7464.53 7469.3 7473.79 7477.98 7481.84 7485.38 7488.6 7491.5 7494.07 7496.32 7498.24 7499.82 7501.07 7501.96 7502.5 7502.68 7502.5 7501.96 7501.07 7499.82 7498.24 7496.32 7494.07 7491.5 7488.6 7485.38 
7484.25 7480.66 7476.84 7472.84 7468.7 7464.53 7460.49 7456.78 7453.72 7451.66 7450.92 7451.66 7453.72 7456.78 7460.49 7464.53 7468.7 7472.84 7476.84 7480.66 7484.25 7487.59 7490.67 7493.48 7496.01 7498.24 7500.16 7501.75 7503.01 7503.92 7504.47 7504.66 7504.47 7503.92 7503.01 7501.75 7500.16 7498.24 7496.01 7493.48 7490.67 7487.59 
7486.86 7483.51 7480.03 7476.44 7472.84 7469.3 7465.96 7463.01 7460.65 7459.11 7458.57 7459.11 7460.65 7463.01 7465.96 7469.3 7472.84 7476.44 7480.03 7483.51 7486.86 7490.03 7493 7495.74 7498.24 7500.47 7502.41 7504.03 7505.33 7506.27 7506.84 7507.03 7506.84 7506.27 7505.33 7504.03 7502.41 7500.47 7498.24 7495.74 7493 7490.03 
7489.62 7486.47 7483.26 7480.03 7476.84 7473.79 7470.99 7468.57 7466.69 7465.49 7465.07 7465.49 7466.69 7468.57 7470.99 7473.79 7476.84 7480.03 7483.26 7486.47 7489.62 7492.65 7495.53 7498.24 7500.73 7502.99 7504.98 7506.66 7508.01 7509 7509.6 7509.81 7509.6 7509 7508.01 7506.66 7504.98 7502.99 7500.73 7498.24 7495.53 7492.65 
7492.47 7489.48 7486.47 7483.51 7480.66 7477.98 7475.57 7473.53 7471.98 7471 7470.66 7471 7471.98 7473.53 7475.57 7477.98 7480.66 7483.51 7486.47 7489.48 7492.47 7495.4 7498.24 7500.94 7503.48 7505.8 7507.88 7509.65 7511.09 7512.15 7512.81 7513.03 7512.81 7512.15 7511.09 7509.65 7507.88 7505.8 7503.48 7500.94 7498.24 7495.4 
7495.35 7492.47 7489.62 7486.86 7484.25 7481.84 7479.72 7477.96 7476.63 7475.8 7475.52 7475.8 7476.63 7477.96 7479.72 7481.84 7484.25 7486.86 7489.62 7492.47 7495.35 7498.24 7501.08 7503.83 7506.45 7508.89 7511.09 7513.01 7514.59 7515.76 7516.48 7516.73 7516.48 7515.76 7514.59 7513.01 7511.09 7508.89 7506.45 7503.83 7501.08 7498.24 
7498.24 7495.4 7492.65 7490.03 7487.59 7485.38 7483.47 7481.9 7480.72 7480 7479.76 7480 7480.72 7481.9 7483.47 7485.38 7487.59 7490.03 7492.65 7495.4 7498.24 7501.12 7504.01 7506.86 7509.62 7512.23 7514.64 7516.76 7518.53 7519.86 7520.69 7520.97 7520.69 7519.86 7518.53 7516.76 7514.64 7512.23 7509.62 7506.86 7504.01 7501.12 
7501.08 7498.24 7495.53 7493 7490.67 7488.6 7486.83 7485.39 7484.33 7483.67 7483.45 7483.67 7484.33 7485.39 7486.83 7488.6 7490.67 7493 7495.53 7498.24 7501.08 7504.01 7507 7510 7512.97 7515.83 7518.51 7520.92 7522.95 7524.51 7525.49 7525.83 7525.49 7524.51 7522.95 7520.92 7518.51 7515.83 7512.97 7510 7507 7504.01 
7503.83 7500.94 7498.24 7495.74 7493.48 7491.5 7489.81 7488.46 7487.48 7486.88 7486.67 7486.88 7487.48 7488.46 7489.81 7491.5 7493.48 7495.74 7498.24 7500.94 7503.83 7506.86 7510 7513.22 7516.46 7519.65 7522.7 7525.5 7527.92 7529.81 7531.02 7531.43 7531.02 7529.81 7527.92 7525.5 7522.7 7519.65 7516.46 7513.22 7510 7506.86 
7506.45 7503.48 7500.73 7498.24 7496.01 7494.07 7492.44 7491.15 7490.21 7489.64 7489.45 7489.64 7490.21 7491.15 7492.44 7494.07 7496.01 7498.24 7500.73 7503.48 7506.45 7509.62 7512.97 7516.46 7520.04 7523.65 7527.2 7530.54 7533.49 7535.86 7537.4 7537.94 7537.4 7535.86 7533.49 7530.54 7527.2 7523.65 7520.04 7516.46 7512.97 7509.62 
7508.89 7505.8 7502.99 7500.47 7498.24 7496.32 7494.72 7493.46 7492.55 7492 7491.82 7492 7492.55 7493.46 7494.72 7496.32 7498.24 7500.47 7502.99 7505.8 7508.89 7512.23 7515.83 7519.65 7523.65 7527.79 7531.97 7536.02 7539.74 7542.81 7544.87 7545.61 7544.87 7542.81 7539.74 7536.02 7531.97 7527.79 7523.65 7519.65 7515.83 7512.23 
7511.09 7507.88 7504.98 7502.41 7500.16 7498.24 7496.65 7495.41 7494.52 7493.98 7493.8 7493.98 7494.52 7495.41 7496.65 7498.24 7500.16 7502.41 7504.98 7507.88 7511.09 7514.64 7518.51 7522.7 7527.2 7531.97 7536.93 7541.93 7546.71 7550.85 7553.76 7554.84 7553.76 7550.85 7546.71 7541.93 7536.93 7531.97 7527.2 7522.7 7518.51 7514.64 
7513.01 7509.65 7506.66 7504.03 7501.75 7499.82 7498.24 7497 7496.12 7495.59 7495.41 7495.59 7496.12 7497 7498.24 7499.82 7501.75 7504.03 7506.66 7509.65 7513.01 7516.76 7520.92 7525.5 7530.54 7536.02 7541.93 7548.15 7554.42 7560.2 7564.58 7566.32 7564.58 7560.2 7554.42 7548.15 7541.93 7536.02 7530.54 7525.5 7520.92 7516.76 
7514.59 7511.09 7508.01 7505.33 7503.01 7501.07 7499.47 7498.24 7497.36 7496.83 7496.65 7496.83 7497.36 7498.24 7499.47 7501.07 7503.01 7505.33 7508.01 7511.09 7514.59 7518.53 7522.95 7527.92 7533.49 7539.74 7546.71 7554.42 7562.71 7571.06 7578.13 7581.41 7578.13 7571.06 7562.71 7554.42 7546.71 7539.74 7533.49 7527.92 7522.95 7518.53 
7515.76 7512.15 7509 7506.27 7503.92 7501.96 7500.36 7499.12 7498.24 7497.71 7497.53 7497.71 7498.24 7499.12 7500.36 7501.96 7503.92 7506.27 7509 7512.15 7515.76 7519.86 7524.51 7529.81 7535.86 7542.81 7550.85 7560.2 7571.06 7583.29 7595.58 7603.17 7595.58 7583.29 7571.06 7560.2 7550.85 7542.81 7535.86 7529.81 7524.51 7519.86 
7516.48 7512.81 7509.6 7506.84 7504.47 7502.5 7500.89 7499.65 7498.77 7498.24 7498.06 7498.24 7498.77 7499.65 7500.89 7502.5 7504.47 7506.84 7509.6 7512.81 7516.48 7520.69 7525.49 7531.02 7537.4 7544.87 7553.76 7564.58 7578.13 7595.58 7617.87 7640.23 7617.87 7595.58 7578.13 7564.58 7553.76 7544.87 7537.4 7531.02 7525.49 7520.69 
7516.73 7513.03 7509.81 7507.03 7504.66 7502.68 7501.07 7499.83 7498.94 7498.42 7498.24 7498.42 7498.94 7499.83 7501.07 7502.68 7504.66 7507.03 7509.81 7513.03 7516.73 7520.97 7525.83 7531.43 7537.94 7545.61 7554.84 7566.32 7581.41 7603.17 7640.23 7722.26 7640.23 7603.17 7581.41 7566.32 7554.84 7545.61 7537.94 7531.43 7525.83 7520.97 
7516.48 7512.81 7509.6 7506.84 7504.47 7502.5 7500.89 7499.65 7498.77 7498.24 7498.06 7498.24 7498.77 7499.65 7500.89 7502.5 7504.47 7506.84 7509.6 7512.81 7516.48 7520.69 7525.49 7531.02 7537.4 7544.87 7553.76 7564.58 7578.13 7595.58 7617.87 7640.23 7617.87 7595.58 7578.13 7564.58 7553.76 7544.87 7537.4 7531.02 7525.49 7520.69 
7515.76 7512.15 7509 7506.27 7503.92 7501.96 7500.36 7499.12 7498.24 7497.71 7497.53 7497.71 7498.24 7499.12 7500.36 7501.96 7503.92 7506.27 7509 7512.15 7515.76 7519.86 7524.51 7529.81 7535.86 7542.81 7550.85 7560.2 7571.06 7583.29 7595.58 7603.17 7595.58 7583.29 7571.06 7560.2 7550.85 7542.81 7535.86 7529.81 7524.51 7519.86 
7514.59 7511.09 7508.01 7505.33 7503.01 7501.07 7499.47 7498.24 7497.36 7496.83 7496.65 7496.83 7497.36 7498.24 7499.47 7501.07 7503.01 7505.33 7508.01 7511.09 7514.59 7518.53 7522.95 7527.92 7533.49 7539.74 7546.71 7554.42 7562.71 7571.06 7578.13 7581.41 7578.13 7571.06 7562.71 7554.42 7546.71 7539.74 7533.49 7527.92 7522.95 7518.53 
7513.01 7509.65 7506.66 7504.03 7501.75 7499.82 7498.24 7497 7496.12 7495.59 7495.41 7495.59 7496.12 7497 7498.24 7499.82 7501.75 7504.03 7506.66 7509.65 7513.01 7516.76 7520.92 7525.5 7530.54 7536.02 7541.93 7548.15 7554.42 7560.2 7564.58 7566.32 7564.58 7560.2 7554.42 7548.15 7541.93 7536.02 7530.54 7525.5 7520.92 7516.76 
7511.09 7507.88 7504.98 7502.41 7500.16 7498.24 7496.65 7495.41 7494.52 7493.98 7493.8 7493.98 7494.52 7495.41 7496.65 7498.24 7500.16 7502.41 7504.98 7507.88 7511.09 7514.64 7518.51 7522.7 7527.2 7531.97 7536.93 7541.93 7546.71 7550.85 7553.76 7554.84 7553.76 7550.85 7546.71 7541.93 7536.93 7531.97 7527.2 7522.7 7518.51 7514.64 
7508.89 7505.8 7502.99 7500.47 7498.24 7496.32 7494.72 7493.46 7492.55 7492 7491.82 7492 7492.55 7493.46 7494.72 7496.32 7498.24 7500.47 7502.99 7505.8 7508.89 7512.23 7515.83 7519.65 7523.65 7527.79 7531.97 7536.02 7539.74 7542.81 7544.87 7545.61 7544.87 7542.81 7539.74 7536.02 7531.97 7527.79 7523.65 7519.65 7515.83 7512.23 
7506.45 7503.48 7500.73 7498.24 7496.01 7494.07 7492.44 7491.15 7490.21 7489.64 7489.45 7489.64 7490.21 7491.15 7492.44 7494.07 7496.01 7498.24 7500.73 7503.48 7506.45 7509.62 7512.97 7516.46 7520.04 7523.65 7527.2 7530.54 7533.49 7535.86 7537.4 7537.94 7537.4 7535.86 7533.49 7530.54 7527.2 7523.65 7520.04 7516.46 7512.97 7509.62 
7503.83 7500.94 7498.24 7495.74 7493.48 7491.5 7489.81 7488.46 7487.48 7486.88 7486.67 7486.88 7487.48 7488.46 7489.81 7491.5 7493.48 7495.74 7498.24 7500.94 7503.83 7506.86 7510 7513.22 7516.46 7519.65 7522.7 7525.5 7527.92 7529.81 7531.02 7531.43 7531.02 7529.81 7527.92 7525.5 7522.7 7519.65 7516.46 7513.22 7510 7506.86 
7501.08 7498.24 7495.53 7493 7490.67 7488.6 7486.83 7485.39 7484.33 7483.67 7483.45 7483.67 7484.33 7485.39 7486.83 7488.6 7490.67 7493 7495.53 7498.24 7501.08 7504.01 7507 7510 7512.97 7515.83 7518.51 7520.92 7522.95 7524.51 7525.49 7525.83 7525.49 7524.51 7522.95 7520.92 7518.51 7515.83 7512.97 7510 7507 7504.01 
7498.24 7495.4 7492.65 7490.03 7487.59 7485.38 7483.47 7481.9 7480.72 7480 7479.76 7480 7480.72 7481.9 7483.47 7485.38 7487.59 7490.03 7492.65 7495.4 7498.24 7501.12 7504.01 7506.86 7509.62 7512.23 7514.64 7516.76 7518.53 7519.86 7520.69 7520.97 7520.69 7519.86 7518.53 7516.76 7514.64 7512.23 7509.62 7506.86 7504.01 7501.12 
