7495.38 7492.53 7489.71 7486.98 7484.39 7482.01 7479.91 7478.16 7476.84 7476.02 7475.74 7476.02 7476.84 7478.16 7479.91 7482.01 7484.39 7486.98 7489.71 7492.53 7495.38 7498.24 7501.05 7503.77 7506.36 7508.77 7510.96 7512.86 7514.42 7515.58 7516.29 7516.54 7516.29 7515.58 7514.42 7512.86 7510.96 7508.77 7506.36 7503.77 7501.05 7498.24 
7492.53 7489.57 7486.6 7483.66 7480.83 7478.17 7475.79 7473.77 7472.22 7471.25 7470.91 7471.25 7472.22 7473.77 7475.79 7478.17 7480.83 7483.66 7486.6 7489.57 7492.53 7495.43 7498.24 7500.91 7503.42 7505.72 7507.77 7509.53 7510.95 7512 7512.65 7512.87 7512.65 7512 7510.95 7509.53 7507.77 7505.72 7503.42 7500.91 7498.24 7495.43 
7489.71 7486.6 7483.41 7480.2 7477.04 7474.02 7471.23 7468.83 7466.96 7465.76 7465.35 7465.76 7466.96 7468.83 7471.23 7474.02 7477.04 7480.2 7483.41 7486.6 7489.71 7492.71 7495.56 7498.24 7500.71 7502.94 7504.9 7506.57 7507.9 7508.88 7509.48 7509.68 7509.48 7508.88 7507.9 7506.57 7504.9 7502.94 7500.71 7498.24 7495.56 7492.71 
7486.98 7483.66 7480.2 7476.65 7473.07 7469.55 7466.24 7463.3 7460.95 7459.42 7458.88 7459.42 7460.95 7463.3 7466.24 7469.55 7473.07 7476.65 7480.2 7483.66 7486.98 7490.12 7493.06 7495.77 7498.24 7500.44 7502.36 7503.97 7505.24 7506.17 7506.74 7506.93 7506.74 7506.17 7505.24 7503.97 7502.36 7500.44 7498.24 7495.77 7493.06 7490.12 
7484.39 7480.83 7477.04 7473.07 7468.96 7464.81 7460.78 7457.09 7454.04 7451.99 7451.26 7451.99 7454.04 7457.09 7460.78 7464.81 7468.96 7473.07 7477.04 7480.83 7484.39 7487.7 7490.76 7493.54 7496.04 7498.24 7500.14 7501.71 7502.96 7503.86 7504.4 7504.58 7504.4 7503.86 7502.96 7501.71 7500.14 7498.24 7496.04 7493.54 7490.76 7487.7 
7482.01 7478.17 7474.02 7469.55 7464.81 7459.88 7454.91 7450.16 7446.05 7443.15 7442.08 7443.15 7446.05 7450.16 7454.91 7459.88 7464.81 7469.55 7474.02 7478.17 7482.01 7485.52 7488.71 7491.57 7494.12 7496.34 7498.24 7499.8 7501.03 7501.91 7502.44 7502.62 7502.44 7501.91 7501.03 7499.8 7498.24 7496.34 7494.12 7491.57 7488.71 7485.52 
7479.91 7475.79 7471.23 7466.24 7460.78 7454.91 7448.72 7442.49 7436.74 7432.39 7430.65 7432.39 7436.74 7442.49 7448.72 7454.91 7460.78 7466.24 7471.23 7475.79 7479.91 7483.62 7486.95 7489.91 7492.51 7494.77 7496.67 7498.24 7499.46 7500.33 7500.86 7501.03 7500.86 7500.33 7499.46 7498.24 7496.67 7494.77 7492.51 7489.91 7486.95 7483.62 
7478.16 7473.77 7468.83 7463.3 7457.09 7450.16 7442.49 7434.24 7425.94 7418.91 7415.64 7418.91 7425.94 7434.24 7442.49 7450.16 7457.09 7463.3 7468.83 7473.77 7478.16 7482.06 7485.53 7488.57 7491.23 7493.52 7495.45 7497.02 7498.24 7499.11 7499.63 7499.81 7499.63 7499.11 7498.24 7497.02 7495.45 7493.52 7491.23 7488.57 7485.53 7482.06 
7476.84 7472.22 7466.96 7460.95 7454.04 7446.05 7436.74 7425.94 7413.77 7401.55 7394.01 7401.55 7413.77 7425.94 7436.74 7446.05 7454.04 7460.95 7466.96 7472.22 7476.84 7480.91 7484.48 7487.6 7490.31 7492.62 7494.57 7496.15 7497.37 7498.24 7498.76 7498.94 7498.76 7498.24 7497.37 7496.15 7494.57 7492.62 7490.31 7487.6 7484.48 7480.91 
7476.02 7471.25 7465.76 7459.42 7451.99 7443.15 7432.39 7418.91 7401.55 7379.41 7357.22 7379.41 7401.55 7418.91 7432.39 7443.15 7451.99 7459.42 7465.76 7471.25 7476.02 7480.19 7483.83 7487 7489.74 7492.08 7494.03 7495.62 7496.85 7497.72 7498.24 7498.41 7498.24 7497.72 7496.85 7495.62 7494.03 7492.08 7489.74 7487 7483.83 7480.19 
7475.74 7470.91 7465.35 7458.88 7451.26 7442.08 7430.65 7415.64 7394.01 7357.22 7276.06 7357.22 7394.01 7415.64 7430.65 7442.08 7451.26 7458.88 7465.35 7470.91 7475.74 7479.95 7483.61 7486.8 7489.55 7491.9 7493.86 7495.44 7496.67 7497.54 7498.07 7498.24 7498.07 7497.54 7496.67 7495.44 7493.86 7491.9 7489.55 7486.8 7483.61 7479.95 
7476.02 7471.25 7465.76 7459.42 7451.99 7443.15 7432.39 7418.91 7401.55 7379.41 7357.22 7379.41 7401.55 7418.91 7432.39 7443.15 7451.99 7459.42 7465.76 7471.25 7476.02 7480.19 7483.83 7487 7489.74 7492.08 7494.03 7495.62 7496.85 7497.72 7498.24 7498.41 7498.24 7497.72 7496.85 7495.62 7494.03 7492.08 7489.74 7487 7483.83 7480.19 
7476.84 7472.22 7466.96 7460.95 7454.04 7446.05 7436.74 7425.94 7413.77 7401.55 7394.01 7401.55 7413.77 7425.94 7436.74 7446.05 7454.04 7460.95 7466.96 7472.22 7476.84 7480.91 7484.48 7487.6 7490.31 7492.62 7494.57 7496.15 7497.37 7498.24 7498.76 7498.94 7498.76 7498.24 7497.37 7496.15 7494.57 7492.62 7490.31 7487.6 7484.48 7480.91 
7478.16 7473.77 7468.83 7463.3 7457.09 7450.16 7442.49 7434.24 7425.94 7418.91 7415.64 7418.91 7425.94 7434.24 7442.49 7450.16 7457.09 7463.3 7468.83 7473.77 7478.16 7482.06 7485.53 7488.57 7491.23 7493.52 7495.45 7497.02 7498.24 7499.11 7499.63 7499.81 7499.63 7499.11 7498.24 7497.02 7495.45 7493.52 7491.23 7488.57 7485.53 7482.06 
7479.91 7475.79 7471.23 7466.24 7460.78 7454.91 7448.72 7442.49 7436.74 7432.39 7430.65 7432.39 7436.74 7442.49 7448.72 7454.91 7460.78 7466.24 7471.23 7475.79 7479.91 7483.62 7486.95 7489.91 7492.51 7494.77 7496.67 7498.24 7499.46 7500.33 7500.86 7501.03 7500.86 7500.33 7499.46 7498.24 7496.67 7494.77 7492.51 7489.91 7486.95 7483.62 
7482.01 7478.17 7474.02 7469.55 7464.81 7459.88 7454.91 7450.16 7446.05 7443.15 7442.08 7443.15 7446.05 7450.16 7454.91 7459.88 7464.81 7469.55 7474.02 7478.17 7482.01 7485.52 7488.71 7491.57 7494.12 7496.34 7498.24 7499.8 7501.03 7501.91 7502.44 7502.62 7502.44 7501.91 7501.03 7499.8 7498.24 7496.34 7494.12 7491.57 7488.71 7485.52 
7484.39 7480.83 7477.04 7473.07 7468.96 7464.81 7460.78 7457.09 7454.04 7451.99 7451.26 7451.99 7454.04 7457.09 7460.78 7464.81 7468.96 7473.07 7477.04 7480.83 7484.39 7487.7 7490.76 7493.54 7496.04 7498.24 7500.14 7501.71 7502.96 7503.86 7504.4 7504.58 7504.4 7503.86 7502.96 7501.71 7500.14 7498.24 7496.04 7493.54 7490.76 7487.7 
7486.98 7483.66 7480.2 7476.65 7473.07 7469.55 7466.24 7463.3 7460.95 7459.42 7458.88 7459.42 7460.95 7463.3 7466.24 7469.55 7473.07 7476.65 7480.2 7483.66 7486.98 7490.12 7493.06 7495.77 7498.24 7500.44 7502.36 7503.97 7505.24 7506.17 7506.74 7506.93 7506.74 7506.17 7505.24 7503.97 7502.36 7500.44 7498.24 7495.77 7493.06 7490.12 
7489.71 7486.6 7483.41 7480.2 7477.04 7474.02 7471.23 7468.83 7466.96 7465.76 7465.35 7465.76 7466.96 7468.83 7471.23 7474.02 7477.04 7480.2 7483.41 7486.6 7489.71 7492.71 7495.56 7498.24 7500.71 7502.94 7504.9 7506.57 7507.9 7508.88 7509.48 7509.68 7509.48 7508.88 7507.9 7506.57 7504.9 7502.94 7500.71 7498.24 7495.56 7492.71 
7492.53 7489.57 7486.6 7483.66 7480.83 7478.17 7475.79 7473.77 7472.22 7471.25 7470.91 7471.25 7472.22 7473.77 7475.79 7478.17 7480.83 7483.66 7486.6 7489.57 7492.53 7495.43 7498.24 7500.91 7503.42 7505.72 7507.77 7509.53 7510.95 7512 7512.65 7512.87 7512.65 7512 7510.95 7509.53 7507.77 7505.72 7503.42 7500.91 7498.24 7495.43 
7495.38 7492.53 7489.71 7486.98 7484.39 7482.01 7479.91 7478.16 7476.84 7476.02 7475.74 7476.02 7476.84 7478.16 7479.91 7482.01 7484.39 7486.98 7489.71 7492.53 7495.38 7498.24 7501.05 7503.77 7506.36 7508.77 7510.96 7512.86 7514.42 7515.58 7516.29 7516.54 7516.29 7515.58 7514.42 7512.86 7510.96 7508.77 7506.36 7503.77 7501.05 7498.24 
7498.24 7495.43 7492.71 7490.12 7487.7 7485.52 7483.62 7482.06 7480.91 7480.19 7479.95 7480.19 7480.91 7482.06 7483.62 7485.52 7487.7 7490.12 7492.71 7495.43 7498.24 7501.09 7503.95 7506.77 7509.5 7512.09 7514.47 7516.58 7518.33 7519.65 7520.47 7520.75 7520.47 7519.65 7518.33 7516.58 7514.47 7512.09 7509.5 7506.77 7503.95 7501.09 
7501.05 7498.24 7495.56 7493.06 7490.76 7488.71 7486.95 7485.53 7484.48 7483.83 7483.61 7483.83 7484.48 7485.53 7486.95 7488.71 7490.76 7493.06 7495.56 7498.24 7501.05 7503.95 7506.91 7509.88 7512.82 7515.65 7518.31 7520.7 7522.72 7524.27 7525.25 7525.58 7525.25 7524.27 7522.72 7520.7 7518.31 7515.65 7512.82 7509.88 7506.91 7503.95 
7503.77 7500.91 7498.24 7495.77 7493.54 7491.57 7489.91 7488.57 7487.6 7487 7486.8 7487 7487.6 7488.57 7489.91 7491.57 7493.54 7495.77 7498.24 7500.91 7503.77 7506.77 7509.88 7513.07 7516.28 7519.44 7522.47 7525.26 7527.66 7529.54 7530.74 7531.15 7530.74 7529.54 7527.66 7525.26 7522.47 7519.44 7516.28 7513.07 7509.88 7506.77 
7506.36 7503.42 7500.71 7498.24 7496.04 7494.12 7492.51 7491.23 7490.31 7489.74 7489.55 7489.74 7490.31 7491.23 7492.51 7494.12 7496.04 7498.24 7500.71 7503.42 7506.36 7509.5 7512.82 7516.28 7519.84 7523.42 7526.94 7530.26 7533.21 7535.56 7537.09 7537.63 7537.09 7535.56 7533.21 7530.26 7526.94 7523.42 7519.84 7516.28 7512.82 7509.5 
7508.77 7505.72 7502.94 7500.44 7498.24 7496.34 7494.77 7493.52 7492.62 7492.08 7491.9 7492.08 7492.62 7493.52 7494.77 7496.34 7498.24 7500.44 7502.94 7505.72 7508.77 7512.09 7515.65 7519.44 7523.42 7527.54 7531.69 7535.73 7539.42 7542.48 7544.54 7545.27 7544.54 7542.48 7539.42 7535.73 7531.69 7527.54 7523.42 7519.44 7515.65 7512.09 
7510.96 7507.77 7504.9 7502.36 7500.14 7498.24 7496.67 7495.45 7494.57 7494.03 7493.86 7494.03 7494.57 7495.45 7496.67 7498.24 7500.14 7502.36 7504.9 7507.77 7510.96 7514.47 7518.31 7522.47 7526.94 7531.69 7536.63 7541.61 7546.38 7550.5 7553.4 7554.48 7553.4 7550.5 7546.38 7541.61 7536.63 7531.69 7526.94 7522.47 7518.31 7514.47 
7512.86 7509.53 7506.57 7503.97 7501.71 7499.8 7498.24 7497.02 7496.15 7495.62 7495.44 7495.62 7496.15 7497.02 7498.24 7499.8 7501.71 7503.97 7506.57 7509.53 7512.86 7516.58 7520.7 7525.26 7530.26 7535.73 7541.61 7547.81 7554.07 7559.83 7564.2 7565.95 7564.2 7559.83 7554.07 7547.81 7541.61 7535.73 7530.26 7525.26 7520.7 7516.58 
7514.42 7510.95 7507.9 7505.24 7502.96 7501.03 7499.46 7498.24 7497.37 7496.85 7496.67 7496.85 7497.37 7498.24 7499.46 7501.03 7502.96 7505.24 7507.9 7510.95 7514.42 7518.33 7522.72 7527.66 7533.21 7539.42 7546.38 7554.07 7562.34 7570.67 7577.74 7581.02 7577.74 7570.67 7562.34 7554.07 7546.38 7539.42 7533.21 7527.66 7522.72 7518.33 
7515.58 7512 7508.88 7506.17 7503.86 7501.91 7500.33 7499.11 7498.24 7497.72 7497.54 7497.72 7498.24 7499.11 7500.33 7501.91 7503.86 7506.17 7508.88 7512 7515.58 7519.65 7524.27 7529.54 7535.56 7542.48 7550.5 7559.83 7570.67 7582.9 7595.18 7602.76 7595.18 7582.9 7570.67 7559.83 7550.5 7542.48 7535.56 7529.54 7524.27 7519.65 
7516.29 7512.65 7509.48 7506.74 7504.4 7502.44 7500.86 7499.63 7498.76 7498.24 7498.07 7498.24 7498.76 7499.63 7500.86 7502.44 7504.4 7506.74 7509.48 7512.65 7516.29 7520.47 7525.25 7530.74 7537.09 7544.54 7553.4 7564.2 7577.74 7595.18 7617.46 7639.82 7617.46 7595.18 7577.74 7564.2 7553.4 7544.54 7537.09 7530.74 7525.25 7520.47 
7516.54 7512.87 7509.68 7506.93 7504.58 7502.62 7501.03 7499.81 7498.94 7498.41 7498.24 7498.41 7498.94 7499.81 7501.03 7502.62 7504.58 7506.93 7509.68 7512.87 7516.54 7520.75 7525.58 7531.15 7537.63 7545.27 7554.48 7565.95 7581.02 7602.76 7639.82 7721.84 7639.82 7602.76 7581.02 7565.95 7554.48 7545.27 7537.63 7531.15 7525.58 7520.75 
7516.29 7512.65 7509.48 7506.74 7504.4 7502.44 7500.86 7499.63 7498.76 7498.24 7498.07 7498.24 7498.76 7499.63 7500.86 7502.44 7504.4 7506.74 7509.48 7512.65 7516.29 7520.47 7525.25 7530.74 7537.09 7544.54 7553.4 7564.2 7577.74 7595.18 7617.46 7639.82 7617.46 7595.18 7577.74 7564.2 7553.4 7544.54 7537.09 7530.74 7525.25 7520.47 
7515.58 7512 7508.88 7506.17 7503.86 7501.91 7500.33 7499.11 7498.24 7497.72 7497.54 7497.72 7498.24 7499.11 7500.33 7501.91 7503.86 7506.17 7508.88 7512 7515.58 7519.65 7524.27 7529.54 7535.56 7542.48 7550.5 7559.83 7570.67 7582.9 7595.18 7602.76 7595.18 7582.9 7570.67 7559.83 7550.5 7542.48 7535.56 7529.54 7524.27 7519.65 
7514.42 7510.95 7507.9 7505.24 7502.96 7501.03 7499.46 7498.24 7497.37 7496.85 7496.67 7496.85 7497.37 7498.24 7499.46 7501.03 7502.96 7505.24 7507.9 7510.95 7514.42 7518.33 7522.72 7527.66 7533.21 7539.42 7546.38 7554.07 7562.34 7570.67 7577.74 7581.02 7577.74 7570.67 7562.34 7554.07 7546.38 7539.42 7533.21 7527.66 7522.72 7518.33 
7512.86 7509.53 7506.57 7503.97 7501.71 7499.8 7498.24 7497.02 7496.15 7495.62 7495.44 7495.62 7496.15 7497.02 7498.24 7499.8 7501.71 7503.97 7506.57 7509.53 7512.86 7516.58 7520.7 7525.26 7530.26 7535.73 7541.61 7547.81 7554.07 7559.83 7564.2 7565.95 7564.2 7559.83 7554.07 7547.81 7541.61 7535.73 7530.26 7525.26 7520.7 7516.58 
7510.96 7507.77 7504.9 7502.36 7500.14 7498.24 7496.67 7495.45 7494.57 7494.03 7493.86 7494.03 7494.57 7495.45 7496.67 7498.24 7500.14 7502.36 7504.9 7507.77 7510.96 7514.47 7518.31 7522.47 7526.94 7531.69 7536.63 7541.61 7546.38 7550.5 7553.4 7554.48 7553.4 7550.5 7546.38 7541.61 7536.63 7531.69 7526.94 7522.47 7518.31 7514.47 
7508.77 7505.72 7502.94 7500.44 7498.24 7496.34 7494.77 7493.52 7492.62 7492.08 7491.9 7492.08 7492.62 7493.52 7494.77 7496.34 7498.24 7500.44 7502.94 7505.72 7508.77 7512.09 7515.65 7519.44 7523.42 7527.54 7531.69 7535.73 7539.42 7542.48 7544.54 7545.27 7544.54 7542.48 7539.42 7535.73 7531.69 7527.54 7523.42 7519.44 7515.65 7512.09 
7506.36 7503.42 7500.71 7498.24 7496.04 7494.12 7492.51 7491.23 7490.31 7489.74 7489.55 7489.74 7490.31 7491.23 7492.51 7494.12 7496.04 7498.24 7500.71 7503.42 7506.36 7509.5 7512.82 7516.28 7519.84 7523.42 7526.94 7530.26 7533.21 7535.56 7537.09 7537.63 7537.09 7535.56 7533.21 7530.26 7526.94 7523.42 7519.84 7516.28 7512.82 7509.5 
7503.77 7500.91 7498.24 7495.77 7493.54 7491.57 7489.91 7488.57 7487.6 7487 7486.8 7487 7487.6 7488.57 7489.91 7491.57 7493.54 7495.77 7498.24 7500.91 7503.77 7506.77 7509.88 7513.07 7516.28 7519.44 7522.47 7525.26 7527.66 7529.54 7530.74 7531.15 7530.74 7529.54 7527.66 7525.26 7522.47 7519.44 7516.28 7513.07 7509.88 7506.77 
7501.05 7498.24 7495.56 7493.06 7490.76 7488.71 7486.95 7485.53 7484.48 7483.83 7483.61 7483.83 7484.48 7485.53 7486.95 7488.71 7490.76 7493.06 7495.56 7498.24 7501.05 7503.95 7506.91 7509.88 7512.82 7515.65 7518.31 7520.7 7522.72 7524.27 7525.25 7525.58 7525.25 7524.27 7522.72 7520.7 7518.31 7515.65 7512.82 7509.88 7506.91 7503.95 
7498.24 7495.43 7492.71 7490.12 7487.7 7485.52 7483.62 7482.06 7480.91 7480.19 7479.95 7480.19 7480.91 7482.06 7483.62 7485.52 7487.7 7490.12 7492.71 7495.43 7498.24 7501.09 7503.95 7506.77 7509.5 7512.09 7514.47 7516.58 7518.33 7519.65 7520.47 7520.75 7520.47 7519.65 7518.33 7516.58 7514.47 7512.09 7509.5 7506.77 7503.95 7501.09 
