7495.42 7492.59 7489.81 7487.11 7484.55 7482.19 7480.11 7478.38 7477.07 7476.26 7475.98 7476.26 7477.07 7478.38 7480.11 7482.19 7484.55 7487.11 7489.81 7492.59 7495.42 7498.24 7501.01 7503.7 7506.26 7508.65 7510.81 7512.69 7514.23 7515.38 7516.09 7516.33 7516.09 7515.38 7514.23 7512.69 7510.81 7508.65 7506.26 7503.7 7501.01 7498.24 
7492.59 7489.67 7486.73 7483.82 7481.02 7478.39 7476.02 7474.02 7472.48 7471.52 7471.19 7471.52 7472.48 7474.02 7476.02 7478.39 7481.02 7483.82 7486.73 7489.67 7492.59 7495.46 7498.24 7500.88 7503.36 7505.63 7507.66 7509.4 7510.8 7511.84 7512.48 7512.69 7512.48 7511.84 7510.8 7509.4 7507.66 7505.63 7503.36 7500.88 7498.24 7495.46 
7489.81 7486.73 7483.57 7480.4 7477.26 7474.26 7471.5 7469.12 7467.26 7466.07 7465.65 7466.07 7467.26 7469.12 7471.5 7474.26 7477.26 7480.4 7483.57 7486.73 7489.81 7492.77 7495.59 7498.24 7500.68 7502.88 7504.82 7506.47 7507.79 7508.75 7509.34 7509.54 7509.34 7508.75 7507.79 7506.47 7504.82 7502.88 7500.68 7498.24 7495.59 7492.77 
7487.11 7483.82 7480.4 7476.87 7473.32 7469.83 7466.53 7463.61 7461.27 7459.75 7459.22 7459.75 7461.27 7463.61 7466.53 7469.83 7473.32 7476.87 7480.4 7483.82 7487.11 7490.21 7493.12 7495.8 7498.24 7500.41 7502.31 7503.89 7505.16 7506.07 7506.63 7506.81 7506.63 7506.07 7505.16 7503.89 7502.31 7500.41 7498.24 7495.8 7493.12 7490.21 
7484.55 7481.02 7477.26 7473.32 7469.24 7465.11 7461.11 7457.43 7454.39 7452.35 7451.62 7452.35 7454.39 7457.43 7461.11 7465.11 7469.24 7473.32 7477.26 7481.02 7484.55 7487.83 7490.85 7493.6 7496.06 7498.24 7500.11 7501.67 7502.9 7503.78 7504.32 7504.5 7504.32 7503.78 7502.9 7501.67 7500.11 7498.24 7496.06 7493.6 7490.85 7487.83 
7482.19 7478.39 7474.26 7469.83 7465.11 7460.21 7455.26 7450.52 7446.42 7443.53 7442.46 7443.53 7446.42 7450.52 7455.26 7460.21 7465.11 7469.83 7474.26 7478.39 7482.19 7485.67 7488.82 7491.66 7494.17 7496.37 7498.24 7499.78 7500.99 7501.86 7502.39 7502.56 7502.39 7501.86 7500.99 7499.78 7498.24 7496.37 7494.17 7491.66 7488.82 7485.67 
7480.11 7476.02 7471.5 7466.53 7461.11 7455.26 7449.09 7442.87 7437.14 7432.79 7431.05 7432.79 7437.14 7442.87 7449.09 7455.26 7461.11 7466.53 7471.5 7476.02 7480.11 7483.79 7487.08 7490.01 7492.58 7494.81 7496.7 7498.24 7499.44 7500.31 7500.82 7501 7500.82 7500.31 7499.44 7498.24 7496.7 7494.81 7492.58 7490.01 7487.08 7483.79 
7478.38 7474.02 7469.12 7463.61 7457.43 7450.52 7442.87 7434.64 7426.35 7419.33 7416.07 7419.33 7426.35 7434.64 7442.87 7450.52 7457.43 7463.61 7469.12 7474.02 7478.38 7482.25 7485.68 7488.69 7491.32 7493.58 7495.49 7497.04 7498.24 7499.1 7499.61 7499.79 7499.61 7499.1 7498.24 7497.04 7495.49 7493.58 7491.32 7488.69 7485.68 7482.25 
7477.07 7472.48 7467.26 7461.27 7454.39 7446.42 7437.14 7426.35 7414.2 7401.98 7394.45 7401.98 7414.2 7426.35 7437.14 7446.42 7454.39 7461.27 7467.26 7472.48 7477.07 7481.1 7484.64 7487.73 7490.41 7492.7 7494.62 7496.17 7497.38 7498.24 7498.75 7498.93 7498.75 7498.24 7497.38 7496.17 7494.62 7492.7 7490.41 7487.73 7484.64 7481.1 
7476.26 7471.52 7466.07 7459.75 7452.35 7443.53 7432.79 7419.33 7401.98 7379.85 7357.67 7379.85 7401.98 7419.33 7432.79 7443.53 7452.35 7459.75 7466.07 7471.52 7476.26 7480.39 7484 7487.14 7489.85 7492.16 7494.09 7495.66 7496.87 7497.73 7498.24 7498.41 7498.24 7497.73 7496.87 7495.66 7494.09 7492.16 7489.85 7487.14 7484 7480.39 
7475.98 7471.19 7465.65 7459.22 7451.62 7442.46 7431.05 7416.07 7394.45 7357.67 7276.5 7357.67 7394.45 7416.07 7431.05 7442.46 7451.62 7459.22 7465.65 7471.19 7475.98 7480.15 7483.79 7486.94 7489.67 7491.98 7493.92 7495.48 7496.69 7497.55 7498.07 7498.24 7498.07 7497.55 7496.69 7495.48 7493.92 7491.98 7489.67 7486.94 7483.79 7480.15 
7476.26 7471.52 7466.07 7459.75 7452.35 7443.53 7432.79 7419.33 7401.98 7379.85 7357.67 7379.85 7401.98 7419.33 7432.79 7443.53 7452.35 7459.75 7466.07 7471.52 7476.26 7480.39 7484 7487.14 7489.85 7492.16 7494.09 7495.66 7496.87 7497.73 7498.24 7498.41 7498.24 7497.73 7496.87 7495.66 7494.09 7492.16 7489.85 7487.14 7484 7480.39 
7477.07 7472.48 7467.26 7461.27 7454.39 7446.42 7437.14 7426.35 7414.2 7401.98 7394.45 7401.98 7414.2 7426.35 7437.14 7446.42 7454.39 7461.27 7467.26 7472.48 7477.07 7481.1 7484.64 7487.73 7490.41 7492.7 7494.62 7496.17 7497.38 7498.24 7498.75 7498.93 7498.75 7498.24 7497.38 7496.17 7494.62 7492.7 7490.41 7487.73 7484.64 7481.1 
7478.38 7474.02 7469.12 7463.61 7457.43 7450.52 7442.87 7434.64 7426.35 7419.33 7416.07 7419.33 7426.35 7434.64 7442.87 7450.52 7457.43 7463.61 7469.12 7474.02 7478.38 7482.25 7485.68 7488.69 7491.32 7493.58 7495.49 7497.04 7498.24 7499.1 7499.61 7499.79 7499.61 7499.1 7498.24 7497.04 7495.49 7493.58 7491.32 7488.69 7485.68 7482.25 
7480.11 7476.02 7471.5 7466.53 7461.11 7455.26 7449.09 7442.87 7437.14 7432.79 7431.05 7432.79 7437.14 7442.87 7449.09 7455.26 7461.11 7466.53 7471.5 7476.02 7480.11 7483.79 7487.08 7490.01 7492.58 7494.81 7496.7 7498.24 7499.44 7500.31 7500.82 7501 7500.82 7500.31 7499.44 7498.24 7496.7 7494.81 7492.58 7490.01 7487.08 7483.79 
7482.19 7478.39 7474.26 7469.83 7465.11 7460.21 7455.26 7450.52 7446.42 7443.53 7442.46 7443.53 7446.42 7450.52 7455.26 7460.21 7465.11 7469.83 7474.26 7478.39 7482.19 7485.67 7488.82 7491.66 7494.17 7496.37 7498.24 7499.78 7500.99 7501.86 7502.39 7502.56 7502.39 7501.86 7500.99 7499.78 7498.24 7496.37 7494.17 7491.66 7488.82 7485.67 
7484.55 7481.02 7477.26 7473.32 7469.24 7465.11 7461.11 7457.43 7454.39 7452.35 7451.62 7452.35 7454.39 7457.43 7461.11 7465.11 7469.24 7473.32 7477.26 7481.02 7484.55 7487.83 7490.85 7493.6 7496.06 7498.24 7500.11 7501.67 7502.9 7503.78 7504.32 7504.5 7504.32 7503.78 7502.9 7501.67 7500.11 7498.24 7496.06 7493.6 7490.85 7487.83 
7487.11 7483.82 7480.4 7476.87 7473.32 7469.83 7466.53 7463.61 7461.27 7459.75 7459.22 7459.75 7461.27 7463.61 7466.53 7469.83 7473.32 7476.87 7480.4 7483.82 7487.11 7490.21 7493.12 7495.8 7498.24 7500.41 7502.31 7503.89 7505.16 7506.07 7506.63 7506.81 7506.63 7506.07 7505.16 7503.89 7502.31 7500.41 7498.24 7495.8 7493.12 7490.21 
7489.81 7486.73 7483.57 7480.4 7477.26 7474.26 7471.5 7469.12 7467.26 7466.07 7465.65 7466.07 7467.26 7469.12 7471.5 7474.26 7477.26 7480.4 7483.57 7486.73 7489.81 7492.77 7495.59 7498.24 7500.68 7502.88 7504.82 7506.47 7507.79 7508.75 7509.34 7509.54 7509.34 7508.75 7507.79 7506.47 7504.82 7502.88 7500.68 7498.24 7495.59 7492.77 
7492.59 7489.67 7486.73 7483.82 7481.02 7478.39 7476.02 7474.02 7472.48 7471.52 7471.19 7471.52 7472.48 7474.02 7476.02 7478.39 7481.02 7483.82 7486.73 7489.67 7492.59 7495.46 7498.24 7500.88 7503.36 7505.63 7507.66 7509.4 7510.8 7511.84 7512.48 7512.69 7512.48 7511.84 7510.8 7509.4 7507.66 7505.63 7503.36 7500.88 7498.24 7495.46 
7495.42 7492.59 7489.81 7487.11 7484.55 7482.19 7480.11 7478.38 7477.07 7476.26 7475.98 7476.26 7477.07 7478.38 7480.11 7482.19 7484.55 7487.11 7489.81 7492.59 7495.42 7498.24 7501.01 7503.7 7506.26 7508.65 7510.81 7512.69 7514.23 7515.38 7516.09 7516.33 7516.09 7515.38 7514.23 7512.69 7510.81 7508.65 7506.26 7503.7 7501.01 7498.24 
7498.24 7495.46 7492.77 7490.21 7487.83 7485.67 7483.79 7482.25 7481.1 7480.39 7480.15 7480.39 7481.1 7482.25 7483.79 7485.67 7487.83 7490.21 7492.77 7495.46 7498.24 7501.06 7503.88 7506.67 7509.37 7511.93 7514.29 7516.38 7518.11 7519.42 7520.23 7520.51 7520.23 7519.42 7518.11 7516.38 7514.29 7511.93 7509.37 7506.67 7503.88 7501.06 
7501.01 7498.24 7495.59 7493.12 7490.85 7488.82 7487.08 7485.68 7484.64 7484 7483.79 7484 7484.64 7485.68 7487.08 7488.82 7490.85 7493.12 7495.59 7498.24 7501.01 7503.88 7506.81 7509.75 7512.66 7515.46 7518.1 7520.47 7522.47 7524.01 7524.98 7525.31 7524.98 7524.01 7522.47 7520.47 7518.1 7515.46 7512.66 7509.75 7506.81 7503.88 
7503.7 7500.88 7498.24 7495.8 7493.6 7491.66 7490.01 7488.69 7487.73 7487.14 7486.94 7487.14 7487.73 7488.69 7490.01 7491.66 7493.6 7495.8 7498.24 7500.88 7503.7 7506.67 7509.75 7512.91 7516.09 7519.22 7522.23 7524.99 7527.38 7529.24 7530.43 7530.85 7530.43 7529.24 7527.38 7524.99 7522.23 7519.22 7516.09 7512.91 7509.75 7506.67 
7506.26 7503.36 7500.68 7498.24 7496.06 7494.17 7492.58 7491.32 7490.41 7489.85 7489.67 7489.85 7490.41 7491.32 7492.58 7494.17 7496.06 7498.24 7500.68 7503.36 7506.26 7509.37 7512.66 7516.09 7519.61 7523.17 7526.67 7529.97 7532.89 7535.23 7536.76 7537.3 7536.76 7535.23 7532.89 7529.97 7526.67 7523.17 7519.61 7516.09 7512.66 7509.37 
7508.65 7505.63 7502.88 7500.41 7498.24 7496.37 7494.81 7493.58 7492.7 7492.16 7491.98 7492.16 7492.7 7493.58 7494.81 7496.37 7498.24 7500.41 7502.88 7505.63 7508.65 7511.93 7515.46 7519.22 7523.17 7527.26 7531.39 7535.4 7539.08 7542.13 7544.18 7544.91 7544.18 7542.13 7539.08 7535.4 7531.39 7527.26 7523.17 7519.22 7515.46 7511.93 
7510.81 7507.66 7504.82 7502.31 7500.11 7498.24 7496.7 7495.49 7494.62 7494.09 7493.92 7494.09 7494.62 7495.49 7496.7 7498.24 7500.11 7502.31 7504.82 7507.66 7510.81 7514.29 7518.1 7522.23 7526.67 7531.39 7536.3 7541.27 7546.01 7550.12 7553.02 7554.09 7553.02 7550.12 7546.01 7541.27 7536.3 7531.39 7526.67 7522.23 7518.1 7514.29 
7512.69 7509.4 7506.47 7503.89 7501.67 7499.78 7498.24 7497.04 7496.17 7495.66 7495.48 7495.66 7496.17 7497.04 7498.24 7499.78 7501.67 7503.89 7506.47 7509.4 7512.69 7516.38 7520.47 7524.99 7529.97 7535.4 7541.27 7547.45 7553.68 7559.43 7563.8 7565.54 7563.8 7559.43 7553.68 7547.45 7541.27 7535.4 7529.97 7524.99 7520.47 7516.38 
7514.23 7510.8 7507.79 7505.16 7502.9 7500.99 7499.44 7498.24 7497.38 7496.87 7496.69 7496.87 7497.38 7498.24 7499.44 7500.99 7502.9 7505.16 7507.79 7510.8 7514.23 7518.11 7522.47 7527.38 7532.89 7539.08 7546.01 7553.68 7561.94 7570.26 7577.32 7580.59 7577.32 7570.26 7561.94 7553.68 7546.01 7539.08 7532.89 7527.38 7522.47 7518.11 
7515.38 7511.84 7508.75 7506.07 7503.78 7501.86 7500.31 7499.1 7498.24 7497.73 7497.55 7497.73 7498.24 7499.1 7500.31 7501.86 7503.78 7506.07 7508.75 7511.84 7515.38 7519.42 7524.01 7529.24 7535.23 7542.13 7550.12 7559.43 7570.26 7582.47 7594.75 7602.32 7594.75 7582.47 7570.26 7559.43 7550.12 7542.13 7535.23 7529.24 7524.01 7519.42 
7516.09 7512.48 7509.34 7506.63 7504.32 7502.39 7500.82 7499.61 7498.75 7498.24 7498.07 7498.24 7498.75 7499.61 7500.82 7502.39 7504.32 7506.63 7509.34 7512.48 7516.09 7520.23 7524.98 7530.43 7536.76 7544.18 7553.02 7563.8 7577.32 7594.75 7617.02 7639.37 7617.02 7594.75 7577.32 7563.8 7553.02 7544.18 7536.76 7530.43 7524.98 7520.23 
7516.33 7512.69 7509.54 7506.81 7504.5 7502.56 7501 7499.79 7498.93 7498.41 7498.24 7498.41 7498.93 7499.79 7501 7502.56 7504.5 7506.81 7509.54 7512.69 7516.33 7520.51 7525.31 7530.85 7537.3 7544.91 7554.09 7565.54 7580.59 7602.32 7639.37 7721.39 7639.37 7602.32 7580.59 7565.54 7554.09 7544.91 7537.3 7530.85 7525.31 7520.51 
7516.09 7512.48 7509.34 7506.63 7504.32 7502.39 7500.82 7499.61 7498.75 7498.24 7498.07 7498.24 7498.75 7499.61 7500.82 7502.39 7504.32 7506.63 7509.34 7512.48 7516.09 7520.23 7524.98 7530.43 7536.76 7544.18 7553.02 7563.8 7577.32 7594.75 7617.02 7639.37 7617.02 7594.75 7577.32 7563.8 7553.02 7544.18 7536.76 7530.43 7524.98 7520.23 
7515.38 7511.84 7508.75 7506.07 7503.78 7501.86 7500.31 7499.1 7498.24 7497.73 7497.55 7497.73 7498.24 7499.1 7500.31 7501.86 7503.78 7506.07 7508.75 7511.84 7515.38 7519.42 7524.01 7529.24 7535.23 7542.13 7550.12 7559.43 7570.26 7582.47 7594.75 7602.32 7594.75 7582.47 7570.26 7559.43 7550.12 7542.13 7535.23 7529.24 7524.01 7519.42 
7514.23 7510.8 7507.79 7505.16 7502.9 7500.99 7499.44 7498.24 7497.38 7496.87 7496.69 7496.87 7497.38 7498.24 7499.44 7500.99 7502.9 7505.16 7507.79 7510.8 7514.23 7518.11 7522.47 7527.38 7532.89 7539.08 7546.01 7553.68 7561.94 7570.26 7577.32 7580.59 7577.32 7570.26 7561.94 7553.68 7546.01 7539.08 7532.89 7527.38 7522.47 7518.11 
7512.69 7509.4 7506.47 7503.89 7501.67 7499.78 7498.24 7497.04 7496.17 7495.66 7495.48 7495.66 7496.17 7497.04 7498.24 7499.78 7501.67 7503.89 7506.47 7509.4 7512.69 7516.38 7520.47 7524.99 7529.97 7535.4 7541.27 7547.45 7553.68 7559.43 7563.8 7565.54 7563.8 7559.43 7553.68 7547.45 7541.27 7535.4 7529.97 7524.99 7520.47 7516.38 
7510.81 7507.66 7504.82 7502.31 7500.11 7498.24 7496.7 7495.49 7494.62 7494.09 7493.92 7494.09 7494.62 7495.49 7496.7 7498.24 7500.11 7502.31 7504.82 7507.66 7510.81 7514.29 7518.1 7522.23 7526.67 7531.39 7536.3 7541.27 7546.01 7550.12 7553.02 7554.09 7553.02 7550.12 7546.01 7541.27 7536.3 7531.39 7526.67 7522.23 7518.1 7514.29 
7508.65 7505.63 7502.88 7500.41 7498.24 7496.37 7494.81 7493.58 7492.7 7492.16 7491.98 7492.16 7492.7 7493.58 7494.81 7496.37 7498.24 7500.41 7502.88 7505.63 7508.65 7511.93 7515.46 7519.22 7523.17 7527.26 7531.39 7535.4 7539.08 7542.13 7544.18 7544.91 7544.18 7542.13 7539.08 7535.4 7531.39 7527.26 7523.17 7519.22 7515.46 7511.93 
7506.26 7503.36 7500.68 7498.24 7496.06 7494.17 7492.58 7491.32 7490.41 7489.85 7489.67 7489.85 7490.41 7491.32 7492.58 7494.17 7496.06 7498.24 7500.68 7503.36 7506.26 7509.37 7512.66 7516.09 7519.61 7523.17 7526.67 7529.97 7532.89 7535.23 7536.76 7537.3 7536.76 7535.23 7532.89 7529.97 7526.67 7523.17 7519.61 7516.09 7512.66 7509.37 
7503.7 7500.88 7498.24 7495.8 7493.6 7491.66 7490.01 7488.69 7487.73 7487.14 7486.94 7487.14 7487.73 7488.69 7490.01 7491.66 7493.6 7495.8 7498.24 7500.88 7503.7 7506.67 7509.75 7512.91 7516.09 7519.22 7522.23 7524.99 7527.38 7529.24 7530.43 7530.85 7530.43 7529.24 7527.38 7524.99 7522.23 7519.22 7516.09 7512.91 7509.75 7506.67 
7501.01 7498.24 7495.59 7493.12 7490.85 7488.82 7487.08 7485.68 7484.64 7484 7483.79 7484 7484.64 7485.68 7487.08 7488.82 7490.85 7493.12 7495.59 7498.24 7501.01 7503.88 7506.81 7509.75 7512.66 7515.46 7518.1 7520.47 7522.47 7524.01 7524.98 7525.31 7524.98 7524.01 7522.47 7520.47 7518.1 7515.46 7512.66 7509.75 7506.81 7503.88 
7498.24 7495.46 7492.77 7490.21 7487.83 7485.67 7483.79 7482.25 7481.1 7480.39 7480.15 7480.39 7481.1 7482.25 7483.79 7485.67 7487.83 7490.21 7492.77 7495.46 7498.24 7501.06 7503.88 7506.67 7509.37 7511.93 7514.29 7516.38 7518.11 7519.42 7520.23 7520.51 7520.23 7519.42 7518.11 7516.38 7514.29 7511.93 7509.37 7506.67 7503.88 7501.06 
