7495.18 7492.12 7489.11 7486.19 7483.44 7480.91 7478.68 7476.83 7475.44 7474.57 7474.28 7474.57 7475.44 7476.83 7478.68 7480.91 7483.44 7486.19 7489.11 7492.12 7495.18 7498.24 7501.25 7504.16 7506.94 7509.52 7511.85 7513.88 7515.54 7516.78 7517.54 7517.8 7517.54 7516.78 7515.54 7513.88 7511.85 7509.52 7506.94 7504.16 7501.25 7498.24 
7492.12 7488.96 7485.79 7482.68 7479.68 7476.87 7474.36 7472.24 7470.62 7469.6 7469.25 7469.6 7470.62 7472.24 7474.36 7476.87 7479.68 7482.68 7485.79 7488.96 7492.12 7495.23 7498.24 7501.11 7503.8 7506.26 7508.46 7510.35 7511.88 7513 7513.69 7513.92 7513.69 7513 7511.88 7510.35 7508.46 7506.26 7503.8 7501.11 7498.24 7495.23 
7489.11 7485.79 7482.41 7479.02 7475.7 7472.52 7469.61 7467.11 7465.16 7463.92 7463.49 7463.92 7465.16 7467.11 7469.61 7472.52 7475.7 7479.02 7482.41 7485.79 7489.11 7492.31 7495.37 7498.24 7500.89 7503.29 7505.4 7507.19 7508.63 7509.68 7510.32 7510.54 7510.32 7509.68 7508.63 7507.19 7505.4 7503.29 7500.89 7498.24 7495.37 7492.31 
7486.19 7482.68 7479.02 7475.29 7471.54 7467.87 7464.43 7461.39 7458.97 7457.39 7456.84 7457.39 7458.97 7461.39 7464.43 7467.87 7471.54 7475.29 7479.02 7482.68 7486.19 7489.54 7492.68 7495.58 7498.24 7500.61 7502.67 7504.41 7505.79 7506.79 7507.4 7507.6 7507.4 7506.79 7505.79 7504.41 7502.67 7500.61 7498.24 7495.58 7492.68 7489.54 
7483.44 7479.68 7475.7 7471.54 7467.26 7462.97 7458.81 7455.02 7451.89 7449.8 7449.05 7449.8 7451.89 7455.02 7458.81 7462.97 7467.26 7471.54 7475.7 7479.68 7483.44 7486.96 7490.21 7493.18 7495.86 7498.24 7500.28 7501.99 7503.33 7504.31 7504.89 7505.09 7504.89 7504.31 7503.33 7501.99 7500.28 7498.24 7495.86 7493.18 7490.21 7486.96 
7480.91 7476.87 7472.52 7467.87 7462.97 7457.89 7452.79 7447.94 7443.75 7440.81 7439.72 7440.81 7443.75 7447.94 7452.79 7457.89 7462.97 7467.87 7472.52 7476.87 7480.91 7484.62 7488.01 7491.07 7493.8 7496.19 7498.24 7499.93 7501.26 7502.21 7502.79 7502.98 7502.79 7502.21 7501.26 7499.93 7498.24 7496.19 7493.8 7491.07 7488.01 7484.62 
7478.68 7474.36 7469.61 7464.43 7458.81 7452.79 7446.48 7440.14 7434.32 7429.92 7428.17 7429.92 7434.32 7440.14 7446.48 7452.79 7458.81 7464.43 7469.61 7474.36 7478.68 7482.6 7486.13 7489.28 7492.07 7494.49 7496.55 7498.24 7499.56 7500.51 7501.08 7501.27 7501.08 7500.51 7499.56 7498.24 7496.55 7494.49 7492.07 7489.28 7486.13 7482.6 
7476.83 7472.24 7467.11 7461.39 7455.02 7447.94 7440.14 7431.79 7423.42 7416.34 7413.06 7416.34 7423.42 7431.79 7440.14 7447.94 7455.02 7461.39 7467.11 7472.24 7476.83 7480.94 7484.6 7487.84 7490.69 7493.14 7495.22 7496.91 7498.24 7499.18 7499.75 7499.94 7499.75 7499.18 7498.24 7496.91 7495.22 7493.14 7490.69 7487.84 7484.6 7480.94 
7475.44 7470.62 7465.16 7458.97 7451.89 7443.75 7434.32 7423.42 7411.18 7398.91 7391.36 7398.91 7411.18 7423.42 7434.32 7443.75 7451.89 7458.97 7465.16 7470.62 7475.44 7479.71 7483.48 7486.79 7489.68 7492.17 7494.26 7495.97 7497.29 7498.24 7498.8 7498.99 7498.8 7498.24 7497.29 7495.97 7494.26 7492.17 7489.68 7486.79 7483.48 7479.71 
7474.57 7469.6 7463.92 7457.39 7449.8 7440.81 7429.92 7416.34 7398.91 7376.73 7354.53 7376.73 7398.91 7416.34 7429.92 7440.81 7449.8 7457.39 7463.92 7469.6 7474.57 7478.94 7482.79 7486.15 7489.08 7491.58 7493.68 7495.4 7496.72 7497.67 7498.24 7498.43 7498.24 7497.67 7496.72 7495.4 7493.68 7491.58 7489.08 7486.15 7482.79 7478.94 
7474.28 7469.25 7463.49 7456.84 7449.05 7439.72 7428.17 7413.06 7391.36 7354.53 7273.35 7354.53 7391.36 7413.06 7428.17 7439.72 7449.05 7456.84 7463.49 7469.25 7474.28 7478.69 7482.56 7485.94 7488.87 7491.38 7493.49 7495.21 7496.53 7497.48 7498.05 7498.24 7498.05 7497.48 7496.53 7495.21 7493.49 7491.38 7488.87 7485.94 7482.56 7478.69 
7474.57 7469.6 7463.92 7457.39 7449.8 7440.81 7429.92 7416.34 7398.91 7376.73 7354.53 7376.73 7398.91 7416.34 7429.92 7440.81 7449.8 7457.39 7463.92 7469.6 7474.57 7478.94 7482.79 7486.15 7489.08 7491.58 7493.68 7495.4 7496.72 7497.67 7498.24 7498.43 7498.24 7497.67 7496.72 7495.4 7493.68 7491.58 7489.08 7486.15 7482.79 7478.94 
7475.44 7470.62 7465.16 7458.97 7451.89 7443.75 7434.32 7423.42 7411.18 7398.91 7391.36 7398.91 7411.18 7423.42 7434.32 7443.75 7451.89 7458.97 7465.16 7470.62 7475.44 7479.71 7483.48 7486.79 7489.68 7492.17 7494.26 7495.97 7497.29 7498.24 7498.8 7498.99 7498.8 7498.24 7497.29 7495.97 7494.26 7492.17 7489.68 7486.79 7483.48 7479.71 
7476.83 7472.24 7467.11 7461.39 7455.02 7447.94 7440.14 7431.79 7423.42 7416.34 7413.06 7416.34 7423.42 7431.79 7440.14 7447.94 7455.02 7461.39 7467.11 7472.24 7476.83 7480.94 7484.6 7487.84 7490.69 7493.14 7495.22 7496.91 7498.24 7499.18 7499.75 7499.94 7499.75 7499.18 7498.24 7496.91 7495.22 7493.14 7490.69 7487.84 7484.6 7480.94 
7478.68 7474.36 7469.61 7464.43 7458.81 7452.79 7446.48 7440.14 7434.32 7429.92 7428.17 7429.92 7434.32 7440.14 7446.48 7452.79 7458.81 7464.43 7469.61 7474.36 7478.68 7482.6 7486.13 7489.28 7492.07 7494.49 7496.55 7498.24 7499.56 7500.51 7501.08 7501.27 7501.08 7500.51 7499.56 7498.24 7496.55 7494.49 7492.07 7489.28 7486.13 7482.6 
7480.91 7476.87 7472.52 7467.87 7462.97 7457.89 7452.79 7447.94 7443.75 7440.81 7439.72 7440.81 7443.75 7447.94 7452.79 7457.89 7462.97 7467.87 7472.52 7476.87 7480.91 7484.62 7488.01 7491.07 7493.8 7496.19 7498.24 7499.93 7501.26 7502.21 7502.79 7502.98 7502.79 7502.21 7501.26 7499.93 7498.24 7496.19 7493.8 7491.07 7488.01 7484.62 
7483.44 7479.68 7475.7 7471.54 7467.26 7462.97 7458.81 7455.02 7451.89 7449.8 7449.05 7449.8 7451.89 7455.02 7458.81 7462.97 7467.26 7471.54 7475.7 7479.68 7483.44 7486.96 7490.21 7493.18 7495.86 7498.24 7500.28 7501.99 7503.33 7504.31 7504.89 7505.09 7504.89 7504.31 7503.33 7501.99 7500.28 7498.24 7495.86 7493.18 7490.21 7486.96 
7486.19 7482.68 7479.02 7475.29 7471.54 7467.87 7464.43 7461.39 7458.97 7457.39 7456.84 7457.39 7458.97 7461.39 7464.43 7467.87 7471.54 7475.29 7479.02 7482.68 7486.19 7489.54 7492.68 7495.58 7498.24 7500.61 7502.67 7504.41 7505.79 7506.79 7507.4 7507.6 7507.4 7506.79 7505.79 7504.41 7502.67 7500.61 7498.24 7495.58 7492.68 7489.54 
7489.11 7485.79 7482.41 7479.02 7475.7 7472.52 7469.61 7467.11 7465.16 7463.92 7463.49 7463.92 7465.16 7467.11 7469.61 7472.52 7475.7 7479.02 7482.41 7485.79 7489.11 7492.31 7495.37 7498.24 7500.89 7503.29 7505.4 7507.19 7508.63 7509.68 7510.32 7510.54 7510.32 7509.68 7508.63 7507.19 7505.4 7503.29 7500.89 7498.24 7495.37 7492.31 
7492.12 7488.96 7485.79 7482.68 7479.68 7476.87 7474.36 7472.24 7470.62 7469.6 7469.25 7469.6 7470.62 7472.24 7474.36 7476.87 7479.68 7482.68 7485.79 7488.96 7492.12 7495.23 7498.24 7501.11 7503.8 7506.26 7508.46 7510.35 7511.88 7513 7513.69 7513.92 7513.69 7513 7511.88 7510.35 7508.46 7506.26 7503.8 7501.11 7498.24 7495.23 
7495.18 7492.12 7489.11 7486.19 7483.44 7480.91 7478.68 7476.83 7475.44 7474.57 7474.28 7474.57 7475.44 7476.83 7478.68 7480.91 7483.44 7486.19 7489.11 7492.12 7495.18 7498.24 7501.25 7504.16 7506.94 7509.52 7511.85 7513.88 7515.54 7516.78 7517.54 7517.8 7517.54 7516.78 7515.54 7513.88 7511.85 7509.52 7506.94 7504.16 7501.25 7498.24 
7498.24 7495.23 7492.31 7489.54 7486.96 7484.62 7482.6 7480.94 7479.71 7478.94 7478.69 7478.94 7479.71 7480.94 7482.6 7484.62 7486.96 7489.54 7492.31 7495.23 7498.24 7501.29 7504.35 7507.37 7510.28 7513.04 7515.57 7517.8 7519.65 7521.05 7521.92 7522.21 7521.92 7521.05 7519.65 7517.8 7515.57 7513.04 7510.28 7507.37 7504.35 7501.29 
7501.25 7498.24 7495.37 7492.68 7490.21 7488.01 7486.13 7484.6 7483.48 7482.79 7482.56 7482.79 7483.48 7484.6 7486.13 7488.01 7490.21 7492.68 7495.37 7498.24 7501.25 7504.35 7507.51 7510.68 7513.8 7516.8 7519.61 7522.13 7524.25 7525.88 7526.9 7527.24 7526.9 7525.88 7524.25 7522.13 7519.61 7516.8 7513.8 7510.68 7507.51 7504.35 
7504.16 7501.11 7498.24 7495.58 7493.18 7491.07 7489.28 7487.84 7486.79 7486.15 7485.94 7486.15 7486.79 7487.84 7489.28 7491.07 7493.18 7495.58 7498.24 7501.11 7504.16 7507.37 7510.68 7514.06 7517.46 7520.79 7523.97 7526.88 7529.39 7531.34 7532.58 7533.01 7532.58 7531.34 7529.39 7526.88 7523.97 7520.79 7517.46 7514.06 7510.68 7507.37 
7506.94 7503.8 7500.89 7498.24 7495.86 7493.8 7492.07 7490.69 7489.68 7489.08 7488.87 7489.08 7489.68 7490.69 7492.07 7493.8 7495.86 7498.24 7500.89 7503.8 7506.94 7510.28 7513.8 7517.46 7521.2 7524.95 7528.62 7532.07 7535.12 7537.54 7539.12 7539.68 7539.12 7537.54 7535.12 7532.07 7528.62 7524.95 7521.2 7517.46 7513.8 7510.28 
7509.52 7506.26 7503.29 7500.61 7498.24 7496.19 7494.49 7493.14 7492.17 7491.58 7491.38 7491.58 7492.17 7493.14 7494.49 7496.19 7498.24 7500.61 7503.29 7506.26 7509.52 7513.04 7516.8 7520.79 7524.95 7529.24 7533.54 7537.7 7541.5 7544.64 7546.74 7547.49 7546.74 7544.64 7541.5 7537.7 7533.54 7529.24 7524.95 7520.79 7516.8 7513.04 
7511.85 7508.46 7505.4 7502.67 7500.28 7498.24 7496.55 7495.22 7494.26 7493.68 7493.49 7493.68 7494.26 7495.22 7496.55 7498.24 7500.28 7502.67 7505.4 7508.46 7511.85 7515.57 7519.61 7523.97 7528.62 7533.54 7538.63 7543.74 7548.6 7552.8 7555.75 7556.85 7555.75 7552.8 7548.6 7543.74 7538.63 7533.54 7528.62 7523.97 7519.61 7515.57 
7513.88 7510.35 7507.19 7504.41 7501.99 7499.93 7498.24 7496.91 7495.97 7495.4 7495.21 7495.4 7495.97 7496.91 7498.24 7499.93 7501.99 7504.41 7507.19 7510.35 7513.88 7517.8 7522.13 7526.88 7532.07 7537.7 7543.74 7550.07 7556.42 7562.27 7566.68 7568.44 7566.68 7562.27 7556.42 7550.07 7543.74 7537.7 7532.07 7526.88 7522.13 7517.8 
7515.54 7511.88 7508.63 7505.79 7503.33 7501.26 7499.56 7498.24 7497.29 7496.72 7496.53 7496.72 7497.29 7498.24 7499.56 7501.26 7503.33 7505.79 7508.63 7511.88 7515.54 7519.65 7524.25 7529.39 7535.12 7541.5 7548.6 7556.42 7564.8 7573.21 7580.32 7583.61 7580.32 7573.21 7564.8 7556.42 7548.6 7541.5 7535.12 7529.39 7524.25 7519.65 
7516.78 7513 7509.68 7506.79 7504.31 7502.21 7500.51 7499.18 7498.24 7497.67 7497.48 7497.67 7498.24 7499.18 7500.51 7502.21 7504.31 7506.79 7509.68 7513 7516.78 7521.05 7525.88 7531.34 7537.54 7544.64 7552.8 7562.27 7573.21 7585.51 7597.84 7605.44 7597.84 7585.51 7573.21 7562.27 7552.8 7544.64 7537.54 7531.34 7525.88 7521.05 
7517.54 7513.69 7510.32 7507.4 7504.89 7502.79 7501.08 7499.75 7498.8 7498.24 7498.05 7498.24 7498.8 7499.75 7501.08 7502.79 7504.89 7507.4 7510.32 7513.69 7517.54 7521.92 7526.9 7532.58 7539.12 7546.74 7555.75 7566.68 7580.32 7597.84 7620.17 7642.54 7620.17 7597.84 7580.32 7566.68 7555.75 7546.74 7539.12 7532.58 7526.9 7521.92 
7517.8 7513.92 7510.54 7507.6 7505.09 7502.98 7501.27 7499.94 7498.99 7498.43 7498.24 7498.43 7498.99 7499.94 7501.27 7502.98 7505.09 7507.6 7510.54 7513.92 7517.8 7522.21 7527.24 7533.01 7539.68 7547.49 7556.85 7568.44 7583.61 7605.44 7642.54 7724.59 7642.54 7605.44 7583.61 7568.44 7556.85 7547.49 7539.68 7533.01 7527.24 7522.21 
7517.54 7513.69 7510.32 7507.4 7504.89 7502.79 7501.08 7499.75 7498.8 7498.24 7498.05 7498.24 7498.8 7499.75 7501.08 7502.79 7504.89 7507.4 7510.32 7513.69 7517.54 7521.92 7526.9 7532.58 7539.12 7546.74 7555.75 7566.68 7580.32 7597.84 7620.17 7642.54 7620.17 7597.84 7580.32 7566.68 7555.75 7546.74 7539.12 7532.58 7526.9 7521.92 
7516.78 7513 7509.68 7506.79 7504.31 7502.21 7500.51 7499.18 7498.24 7497.67 7497.48 7497.67 7498.24 7499.18 7500.51 7502.21 7504.31 7506.79 7509.68 7513 7516.78 7521.05 7525.88 7531.34 7537.54 7544.64 7552.8 7562.27 7573.21 7585.51 7597.84 7605.44 7597.84 7585.51 7573.21 7562.27 7552.8 7544.64 7537.54 7531.34 7525.88 7521.05 
7515.54 7511.88 7508.63 7505.79 7503.33 7501.26 7499.56 7498.24 7497.29 7496.72 7496.53 7496.72 7497.29 7498.24 7499.56 7501.26 7503.33 7505.79 7508.63 7511.88 7515.54 7519.65 7524.25 7529.39 7535.12 7541.5 7548.6 7556.42 7564.8 7573.21 7580.32 7583.61 7580.32 7573.21 7564.8 7556.42 7548.6 7541.5 7535.12 7529.39 7524.25 7519.65 
7513.88 7510.35 7507.19 7504.41 7501.99 7499.93 7498.24 7496.91 7495.97 7495.4 7495.21 7495.4 7495.97 7496.91 7498.24 7499.93 7501.99 7504.41 7507.19 7510.35 7513.88 7517.8 7522.13 7526.88 7532.07 7537.7 7543.74 7550.07 7556.42 7562.27 7566.68 7568.44 7566.68 7562.27 7556.42 7550.07 7543.74 7537.7 7532.07 7526.88 7522.13 7517.8 
7511.85 7508.46 7505.4 7502.67 7500.28 7498.24 7496.55 7495.22 7494.26 7493.68 7493.49 7493.68 7494.26 7495.22 7496.55 7498.24 7500.28 7502.67 7505.4 7508.46 7511.85 7515.57 7519.61 7523.97 7528.62 7533.54 7538.63 7543.74 7548.6 7552.8 7555.75 7556.85 7555.75 7552.8 7548.6 7543.74 7538.63 7533.54 7528.62 7523.97 7519.61 7515.57 
7509.52 7506.26 7503.29 7500.61 7498.24 7496.19 7494.49 7493.14 7492.17 7491.58 7491.38 7491.58 7492.17 7493.14 7494.49 7496.19 7498.24 7500.61 7503.29 7506.26 7509.52 7513.04 7516.8 7520.79 7524.95 7529.24 7533.54 7537.7 7541.5 7544.64 7546.74 7547.49 7546.74 7544.64 7541.5 7537.7 7533.54 7529.24 7524.95 7520.79 7516.8 7513.04 
7506.94 7503.8 7500.89 7498.24 7495.86 7493.8 7492.07 7490.69 7489.68 7489.08 7488.87 7489.08 7489.68 7490.69 7492.07 7493.8 7495.86 7498.24 7500.89 7503.8 7506.94 7510.28 7513.8 7517.46 7521.2 7524.95 7528.62 7532.07 7535.12 7537.54 7539.12 7539.68 7539.12 7537.54 7535.12 7532.07 7528.62 7524.95 7521.2 7517.46 7513.8 7510.28 
7504.16 7501.11 7498.24 7495.58 7493.18 7491.07 7489.28 7487.84 7486.79 7486.15 7485.94 7486.15 7486.79 7487.84 7489.28 7491.07 7493.18 7495.58 7498.24 7501.11 7504.16 7507.37 7510.68 7514.06 7517.46 7520.79 7523.97 7526.88 7529.39 7531.34 7532.58 7533.01 7532.58 7531.34 7529.39 7526.88 7523.97 7520.79 7517.46 7514.06 7510.68 7507.37 
7501.25 7498.24 7495.37 7492.68 7490.21 7488.01 7486.13 7484.6 7483.48 7482.79 7482.56 7482.79 7483.48 7484.6 7486.13 7488.01 7490.21 7492.68 7495.37 7498.24 7501.25 7504.35 7507.51 7510.68 7513.8 7516.8 7519.61 7522.13 7524.25 7525.88 7526.9 7527.24 7526.9 7525.88 7524.25 7522.13 7519.61 7516.8 7513.8 7510.68 7507.51 7504.35 
7498.24 7495.23 7492.31 7489.54 7486.96 7484.62 7482.6 7480.94 7479.71 7478.94 7478.69 7478.94 7479.71 7480.94 7482.6 7484.62 7486.96 7489.54 7492.31 7495.23 7498.24 7501.29 7504.35 7507.37 7510.28 7513.04 7515.57 7517.8 7519.65 7521.05 7521.92 7522.21 7521.92 7521.05 7519.65 7517.8 7515.57 7513.04 7510.28 7507.37 7504.35 7501.29 
