7495.08 7491.93 7488.82 7485.82 7482.98 7480.38 7478.09 7476.19 7474.77 7473.88 7473.58 7473.88 7474.77 7476.19 7478.09 7480.38 7482.98 7485.82 7488.82 7491.93 7495.08 7498.24 7501.34 7504.35 7507.21 7509.88 7512.28 7514.37 7516.08 7517.35 7518.13 7518.4 7518.13 7517.35 7516.08 7514.37 7512.28 7509.88 7507.21 7504.35 7501.34 7498.24 
7491.93 7488.67 7485.41 7482.21 7479.13 7476.25 7473.67 7471.5 7469.85 7468.81 7468.45 7468.81 7469.85 7471.5 7473.67 7476.25 7479.13 7482.21 7485.41 7488.67 7491.93 7495.13 7498.24 7501.2 7503.98 7506.52 7508.8 7510.74 7512.32 7513.48 7514.19 7514.43 7514.19 7513.48 7512.32 7510.74 7508.8 7506.52 7503.98 7501.2 7498.24 7495.13 
7488.82 7485.41 7481.94 7478.46 7475.05 7471.81 7468.84 7466.29 7464.3 7463.04 7462.6 7463.04 7464.3 7466.29 7468.84 7471.81 7475.05 7478.46 7481.94 7485.41 7488.82 7492.12 7495.27 7498.24 7500.98 7503.46 7505.64 7507.49 7508.98 7510.07 7510.73 7510.95 7510.73 7510.07 7508.98 7507.49 7505.64 7503.46 7500.98 7498.24 7495.27 7492.12 
7485.82 7482.21 7478.46 7474.64 7470.81 7467.07 7463.57 7460.48 7458.02 7456.42 7455.87 7456.42 7458.02 7460.48 7463.57 7467.07 7470.81 7474.64 7478.46 7482.21 7485.82 7489.26 7492.49 7495.5 7498.24 7500.69 7502.82 7504.62 7506.05 7507.09 7507.72 7507.93 7507.72 7507.09 7506.05 7504.62 7502.82 7500.69 7498.24 7495.5 7492.49 7489.26 
7482.98 7479.13 7475.05 7470.81 7466.45 7462.08 7457.87 7454.03 7450.87 7448.75 7447.99 7448.75 7450.87 7454.03 7457.87 7462.08 7466.45 7470.81 7475.05 7479.13 7482.98 7486.6 7489.95 7493.01 7495.78 7498.24 7500.35 7502.12 7503.51 7504.52 7505.13 7505.34 7505.13 7504.52 7503.51 7502.12 7500.35 7498.24 7495.78 7493.01 7489.95 7486.6 
7480.38 7476.25 7471.81 7467.07 7462.08 7456.93 7451.77 7446.87 7442.65 7439.69 7438.59 7439.69 7442.65 7446.87 7451.77 7456.93 7462.08 7467.07 7471.81 7476.25 7480.38 7484.19 7487.68 7490.83 7493.65 7496.12 7498.24 7499.99 7501.37 7502.36 7502.96 7503.16 7502.96 7502.36 7501.37 7499.99 7498.24 7496.12 7493.65 7490.83 7487.68 7484.19 
7478.09 7473.67 7468.84 7463.57 7457.87 7451.77 7445.4 7439.02 7433.16 7428.74 7426.98 7428.74 7433.16 7439.02 7445.4 7451.77 7457.87 7463.57 7468.84 7473.67 7478.09 7482.11 7485.73 7488.98 7491.85 7494.35 7496.48 7498.24 7499.61 7500.59 7501.18 7501.38 7501.18 7500.59 7499.61 7498.24 7496.48 7494.35 7491.85 7488.98 7485.73 7482.11 
7476.19 7471.5 7466.29 7460.48 7454.03 7446.87 7439.02 7430.62 7422.21 7415.11 7411.83 7415.11 7422.21 7430.62 7439.02 7446.87 7454.03 7460.48 7466.29 7471.5 7476.19 7480.4 7484.16 7487.49 7490.42 7492.96 7495.11 7496.86 7498.24 7499.22 7499.81 7500 7499.81 7499.22 7498.24 7496.86 7495.11 7492.96 7490.42 7487.49 7484.16 7480.4 
7474.77 7469.85 7464.3 7458.02 7450.87 7442.65 7433.16 7422.21 7409.93 7397.65 7390.09 7397.65 7409.93 7422.21 7433.16 7442.65 7450.87 7458.02 7464.3 7469.85 7474.77 7479.13 7483 7486.41 7489.39 7491.95 7494.11 7495.88 7497.25 7498.24 7498.82 7499.02 7498.82 7498.24 7497.25 7495.88 7494.11 7491.95 7489.39 7486.41 7483 7479.13 
7473.88 7468.81 7463.04 7456.42 7448.75 7439.69 7428.74 7415.11 7397.65 7375.44 7353.24 7375.44 7397.65 7415.11 7428.74 7439.69 7448.75 7456.42 7463.04 7468.81 7473.88 7478.35 7482.29 7485.75 7488.76 7491.34 7493.52 7495.29 7496.66 7497.65 7498.24 7498.43 7498.24 7497.65 7496.66 7495.29 7493.52 7491.34 7488.76 7485.75 7482.29 7478.35 
7473.58 7468.45 7462.6 7455.87 7447.99 7438.59 7426.98 7411.83 7390.09 7353.24 7272.06 7353.24 7390.09 7411.83 7426.98 7438.59 7447.99 7455.87 7462.6 7468.45 7473.58 7478.08 7482.05 7485.52 7488.54 7491.14 7493.32 7495.09 7496.47 7497.45 7498.04 7498.24 7498.04 7497.45 7496.47 7495.09 7493.32 7491.14 7488.54 7485.52 7482.05 7478.08 
7473.88 7468.81 7463.04 7456.42 7448.75 7439.69 7428.74 7415.11 7397.65 7375.44 7353.24 7375.44 7397.65 7415.11 7428.74 7439.69 7448.75 7456.42 7463.04 7468.81 7473.88 7478.35 7482.29 7485.75 7488.76 7491.34 7493.52 7495.29 7496.66 7497.65 7498.24 7498.43 7498.24 7497.65 7496.66 7495.29 7493.52 7491.34 7488.76 7485.75 7482.29 7478.35 
7474.77 7469.85 7464.3 7458.02 7450.87 7442.65 7433.16 7422.21 7409.93 7397.65 7390.09 7397.65 7409.93 7422.21 7433.16 7442.65 7450.87 7458.02 7464.3 7469.85 7474.77 7479.13 7483 7486.41 7489.39 7491.95 7494.11 7495.88 7497.25 7498.24 7498.82 7499.02 7498.82 7498.24 7497.25 7495.88 7494.11 7491.95 7489.39 7486.41 7483 7479.13 
7476.19 7471.5 7466.29 7460.48 7454.03 7446.87 7439.02 7430.62 7422.21 7415.11 7411.83 7415.11 7422.21 7430.62 7439.02 7446.87 7454.03 7460.48 7466.29 7471.5 7476.19 7480.4 7484.16 7487.49 7490.42 7492.96 7495.11 7496.86 7498.24 7499.22 7499.81 7500 7499.81 7499.22 7498.24 7496.86 7495.11 7492.96 7490.42 7487.49 7484.16 7480.4 
7478.09 7473.67 7468.84 7463.57 7457.87 7451.77 7445.4 7439.02 7433.16 7428.74 7426.98 7428.74 7433.16 7439.02 7445.4 7451.77 7457.87 7463.57 7468.84 7473.67 7478.09 7482.11 7485.73 7488.98 7491.85 7494.35 7496.48 7498.24 7499.61 7500.59 7501.18 7501.38 7501.18 7500.59 7499.61 7498.24 7496.48 7494.35 7491.85 7488.98 7485.73 7482.11 
7480.38 7476.25 7471.81 7467.07 7462.08 7456.93 7451.77 7446.87 7442.65 7439.69 7438.59 7439.69 7442.65 7446.87 7451.77 7456.93 7462.08 7467.07 7471.81 7476.25 7480.38 7484.19 7487.68 7490.83 7493.65 7496.12 7498.24 7499.99 7501.37 7502.36 7502.96 7503.16 7502.96 7502.36 7501.37 7499.99 7498.24 7496.12 7493.65 7490.83 7487.68 7484.19 
7482.98 7479.13 7475.05 7470.81 7466.45 7462.08 7457.87 7454.03 7450.87 7448.75 7447.99 7448.75 7450.87 7454.03 7457.87 7462.08 7466.45 7470.81 7475.05 7479.13 7482.98 7486.6 7489.95 7493.01 7495.78 7498.24 7500.35 7502.12 7503.51 7504.52 7505.13 7505.34 7505.13 7504.52 7503.51 7502.12 7500.35 7498.24 7495.78 7493.01 7489.95 7486.6 
7485.82 7482.21 7478.46 7474.64 7470.81 7467.07 7463.57 7460.48 7458.02 7456.42 7455.87 7456.42 7458.02 7460.48 7463.57 7467.07 7470.81 7474.64 7478.46 7482.21 7485.82 7489.26 7492.49 7495.5 7498.24 7500.69 7502.82 7504.62 7506.05 7507.09 7507.72 7507.93 7507.72 7507.09 7506.05 7504.62 7502.82 7500.69 7498.24 7495.5 7492.49 7489.26 
7488.82 7485.41 7481.94 7478.46 7475.05 7471.81 7468.84 7466.29 7464.3 7463.04 7462.6 7463.04 7464.3 7466.29 7468.84 7471.81 7475.05 7478.46 7481.94 7485.41 7488.82 7492.12 7495.27 7498.24 7500.98 7503.46 7505.64 7507.49 7508.98 7510.07 7510.73 7510.95 7510.73 7510.07 7508.98 7507.49 7505.64 7503.46 7500.98 7498.24 7495.27 7492.12 
7491.93 7488.67 7485.41 7482.21 7479.13 7476.25 7473.67 7471.5 7469.85 7468.81 7468.45 7468.81 7469.85 7471.5 7473.67 7476.25 7479.13 7482.21 7485.41 7488.67 7491.93 7495.13 7498.24 7501.2 7503.98 7506.52 7508.8 7510.74 7512.32 7513.48 7514.19 7514.43 7514.19 7513.48 7512.32 7510.74 7508.8 7506.52 7503.98 7501.2 7498.24 7495.13 
7495.08 7491.93 7488.82 7485.82 7482.98 7480.38 7478.09 7476.19 7474.77 7473.88 7473.58 7473.88 7474.77 7476.19 7478.09 7480.38 7482.98 7485.82 7488.82 7491.93 7495.08 7498.24 7501.34 7504.35 7507.21 7509.88 7512.28 7514.37 7516.08 7517.35 7518.13 7518.4 7518.13 7517.35 7516.08 7514.37 7512.28 7509.88 7507.21 7504.35 7501.34 7498.24 
7498.24 7495.13 7492.12 7489.26 7486.6 7484.19 7482.11 7480.4 7479.13 7478.35 7478.08 7478.35 7479.13 7480.4 7482.11 7484.19 7486.6 7489.26 7492.12 7495.13 7498.24 7501.39 7504.55 7507.65 7510.66 7513.49 7516.1 7518.39 7520.29 7521.72 7522.61 7522.91 7522.61 7521.72 7520.29 7518.39 7516.1 7513.49 7510.66 7507.65 7504.55 7501.39 
7501.34 7498.24 7495.27 7492.49 7489.95 7487.68 7485.73 7484.16 7483 7482.29 7482.05 7482.29 7483 7484.16 7485.73 7487.68 7489.95 7492.49 7495.27 7498.24 7501.34 7504.55 7507.8 7511.06 7514.27 7517.35 7520.23 7522.81 7524.99 7526.64 7527.68 7528.04 7527.68 7526.64 7524.99 7522.81 7520.23 7517.35 7514.27 7511.06 7507.8 7504.55 
7504.35 7501.2 7498.24 7495.5 7493.01 7490.83 7488.98 7487.49 7486.41 7485.75 7485.52 7485.75 7486.41 7487.49 7488.98 7490.83 7493.01 7495.5 7498.24 7501.2 7504.35 7507.65 7511.06 7514.54 7518.02 7521.43 7524.68 7527.66 7530.21 7532.2 7533.46 7533.9 7533.46 7532.2 7530.21 7527.66 7524.68 7521.43 7518.02 7514.54 7511.06 7507.65 
7507.21 7503.98 7500.98 7498.24 7495.78 7493.65 7491.85 7490.42 7489.39 7488.76 7488.54 7488.76 7489.39 7490.42 7491.85 7493.65 7495.78 7498.24 7500.98 7503.98 7507.21 7510.66 7514.27 7518.02 7521.85 7525.69 7529.43 7532.94 7536.03 7538.49 7540.09 7540.65 7540.09 7538.49 7536.03 7532.94 7529.43 7525.69 7521.85 7518.02 7514.27 7510.66 
7509.88 7506.52 7503.46 7500.69 7498.24 7496.12 7494.35 7492.96 7491.95 7491.34 7491.14 7491.34 7491.95 7492.96 7494.35 7496.12 7498.24 7500.69 7503.46 7506.52 7509.88 7513.49 7517.35 7521.43 7525.69 7530.05 7534.42 7538.65 7542.5 7545.67 7547.79 7548.55 7547.79 7545.67 7542.5 7538.65 7534.42 7530.05 7525.69 7521.43 7517.35 7513.49 
7512.28 7508.8 7505.64 7502.82 7500.35 7498.24 7496.48 7495.11 7494.11 7493.52 7493.32 7493.52 7494.11 7495.11 7496.48 7498.24 7500.35 7502.82 7505.64 7508.8 7512.28 7516.1 7520.23 7524.68 7529.43 7534.42 7539.58 7544.76 7549.67 7553.9 7556.88 7557.98 7556.88 7553.9 7549.67 7544.76 7539.58 7534.42 7529.43 7524.68 7520.23 7516.1 
7514.37 7510.74 7507.49 7504.62 7502.12 7499.99 7498.24 7496.86 7495.88 7495.29 7495.09 7495.29 7495.88 7496.86 7498.24 7499.99 7502.12 7504.62 7507.49 7510.74 7514.37 7518.39 7522.81 7527.66 7532.94 7538.65 7544.76 7551.15 7557.55 7563.43 7567.87 7569.63 7567.87 7563.43 7557.55 7551.15 7544.76 7538.65 7532.94 7527.66 7522.81 7518.39 
7516.08 7512.32 7508.98 7506.05 7503.51 7501.37 7499.61 7498.24 7497.25 7496.66 7496.47 7496.66 7497.25 7498.24 7499.61 7501.37 7503.51 7506.05 7508.98 7512.32 7516.08 7520.29 7524.99 7530.21 7536.03 7542.5 7549.67 7557.55 7565.98 7574.42 7581.56 7584.86 7581.56 7574.42 7565.98 7557.55 7549.67 7542.5 7536.03 7530.21 7524.99 7520.29 
7517.35 7513.48 7510.07 7507.09 7504.52 7502.36 7500.59 7499.22 7498.24 7497.65 7497.45 7497.65 7498.24 7499.22 7500.59 7502.36 7504.52 7507.09 7510.07 7513.48 7517.35 7521.72 7526.64 7532.2 7538.49 7545.67 7553.9 7563.43 7574.42 7586.76 7599.11 7606.72 7599.11 7586.76 7574.42 7563.43 7553.9 7545.67 7538.49 7532.2 7526.64 7521.72 
7518.13 7514.19 7510.73 7507.72 7505.13 7502.96 7501.18 7499.81 7498.82 7498.24 7498.04 7498.24 7498.82 7499.81 7501.18 7502.96 7505.13 7507.72 7510.73 7514.19 7518.13 7522.61 7527.68 7533.46 7540.09 7547.79 7556.88 7567.87 7581.56 7599.11 7621.46 7643.84 7621.46 7599.11 7581.56 7567.87 7556.88 7547.79 7540.09 7533.46 7527.68 7522.61 
7518.4 7514.43 7510.95 7507.93 7505.34 7503.16 7501.38 7500 7499.02 7498.43 7498.24 7498.43 7499.02 7500 7501.38 7503.16 7505.34 7507.93 7510.95 7514.43 7518.4 7522.91 7528.04 7533.9 7540.65 7548.55 7557.98 7569.63 7584.86 7606.72 7643.84 7725.9 7643.84 7606.72 7584.86 7569.63 7557.98 7548.55 7540.65 7533.9 7528.04 7522.91 
7518.13 7514.19 7510.73 7507.72 7505.13 7502.96 7501.18 7499.81 7498.82 7498.24 7498.04 7498.24 7498.82 7499.81 7501.18 7502.96 7505.13 7507.72 7510.73 7514.19 7518.13 7522.61 7527.68 7533.46 7540.09 7547.79 7556.88 7567.87 7581.56 7599.11 7621.46 7643.84 7621.46 7599.11 7581.56 7567.87 7556.88 7547.79 7540.09 7533.46 7527.68 7522.61 
7517.35 7513.48 7510.07 7507.09 7504.52 7502.36 7500.59 7499.22 7498.24 7497.65 7497.45 7497.65 7498.24 7499.22 7500.59 7502.36 7504.52 7507.09 7510.07 7513.48 7517.35 7521.72 7526.64 7532.2 7538.49 7545.67 7553.9 7563.43 7574.42 7586.76 7599.11 7606.72 7599.11 7586.76 7574.42 7563.43 7553.9 7545.67 7538.49 7532.2 7526.64 7521.72 
7516.08 7512.32 7508.98 7506.05 7503.51 7501.37 7499.61 7498.24 7497.25 7496.66 7496.47 7496.66 7497.25 7498.24 7499.61 7501.37 7503.51 7506.05 7508.98 7512.32 7516.08 7520.29 7524.99 7530.21 7536.03 7542.5 7549.67 7557.55 7565.98 7574.42 7581.56 7584.86 7581.56 7574.42 7565.98 7557.55 7549.67 7542.5 7536.03 7530.21 7524.99 7520.29 
7514.37 7510.74 7507.49 7504.62 7502.12 7499.99 7498.24 7496.86 7495.88 7495.29 7495.09 7495.29 7495.88 7496.86 7498.24 7499.99 7502.12 7504.62 7507.49 7510.74 7514.37 7518.39 7522.81 7527.66 7532.94 7538.65 7544.76 7551.15 7557.55 7563.43 7567.87 7569.63 7567.87 7563.43 7557.55 7551.15 7544.76 7538.65 7532.94 7527.66 7522.81 7518.39 
7512.28 7508.8 7505.64 7502.82 7500.35 7498.24 7496.48 7495.11 7494.11 7493.52 7493.32 7493.52 7494.11 7495.11 7496.48 7498.24 7500.35 7502.82 7505.64 7508.8 7512.28 7516.1 7520.23 7524.68 7529.43 7534.42 7539.58 7544.76 7549.67 7553.9 7556.88 7557.98 7556.88 7553.9 7549.67 7544.76 7539.58 7534.42 7529.43 7524.68 7520.23 7516.1 
7509.88 7506.52 7503.46 7500.69 7498.24 7496.12 7494.35 7492.96 7491.95 7491.34 7491.14 7491.34 7491.95 7492.96 7494.35 7496.12 7498.24 7500.69 7503.46 7506.52 7509.88 7513.49 7517.35 7521.43 7525.69 7530.05 7534.42 7538.65 7542.5 7545.67 7547.79 7548.55 7547.79 7545.67 7542.5 7538.65 7534.42 7530.05 7525.69 7521.43 7517.35 7513.49 
7507.21 7503.98 7500.98 7498.24 7495.78 7493.65 7491.85 7490.42 7489.39 7488.76 7488.54 7488.76 7489.39 7490.42 7491.85 7493.65 7495.78 7498.24 7500.98 7503.98 7507.21 7510.66 7514.27 7518.02 7521.85 7525.69 7529.43 7532.94 7536.03 7538.49 7540.09 7540.65 7540.09 7538.49 7536.03 7532.94 7529.43 7525.69 7521.85 7518.02 7514.27 7510.66 
7504.35 7501.2 7498.24 7495.5 7493.01 7490.83 7488.98 7487.49 7486.41 7485.75 7485.52 7485.75 7486.41 7487.49 7488.98 7490.83 7493.01 7495.5 7498.24 7501.2 7504.35 7507.65 7511.06 7514.54 7518.02 7521.43 7524.68 7527.66 7530.21 7532.2 7533.46 7533.9 7533.46 7532.2 7530.21 7527.66 7524.68 7521.43 7518.02 7514.54 7511.06 7507.65 
7501.34 7498.24 7495.27 7492.49 7489.95 7487.68 7485.73 7484.16 7483 7482.29 7482.05 7482.29 7483 7484.16 7485.73 7487.68 7489.95 7492.49 7495.27 7498.24 7501.34 7504.55 7507.8 7511.06 7514.27 7517.35 7520.23 7522.81 7524.99 7526.64 7527.68 7528.04 7527.68 7526.64 7524.99 7522.81 7520.23 7517.35 7514.27 7511.06 7507.8 7504.55 
7498.24 7495.13 7492.12 7489.26 7486.6 7484.19 7482.11 7480.4 7479.13 7478.35 7478.08 7478.35 7479.13 7480.4 7482.11 7484.19 7486.6 7489.26 7492.12 7495.13 7498.24 7501.39 7504.55 7507.65 7510.66 7513.49 7516.1 7518.39 7520.29 7521.72 7522.61 7522.91 7522.61 7521.72 7520.29 7518.39 7516.1 7513.49 7510.66 7507.65 7504.55 7501.39 
