7495.07 7491.91 7488.8 7485.79 7482.95 7480.34 7478.05 7476.15 7474.72 7473.83 7473.53 7473.83 7474.72 7476.15 7478.05 7480.34 7482.95 7485.79 7488.8 7491.91 7495.07 7498.24 7501.35 7504.36 7507.23 7509.9 7512.31 7514.41 7516.12 7517.39 7518.18 7518.44 7518.18 7517.39 7516.12 7514.41 7512.31 7509.9 7507.23 7504.36 7501.35 7498.24 
7491.91 7488.65 7485.38 7482.17 7479.09 7476.21 7473.63 7471.45 7469.79 7468.75 7468.4 7468.75 7469.79 7471.45 7473.63 7476.21 7479.09 7482.17 7485.38 7488.65 7491.91 7495.12 7498.24 7501.21 7503.99 7506.54 7508.82 7510.77 7512.35 7513.51 7514.23 7514.47 7514.23 7513.51 7512.35 7510.77 7508.82 7506.54 7503.99 7501.21 7498.24 7495.12 
7488.8 7485.38 7481.9 7478.42 7475.01 7471.75 7468.78 7466.23 7464.24 7462.98 7462.54 7462.98 7464.24 7466.23 7468.78 7471.75 7475.01 7478.42 7481.9 7485.38 7488.8 7492.11 7495.27 7498.24 7500.98 7503.47 7505.66 7507.52 7509 7510.09 7510.76 7510.98 7510.76 7510.09 7509 7507.52 7505.66 7503.47 7500.98 7498.24 7495.27 7492.11 
7485.79 7482.17 7478.42 7474.59 7470.75 7467.01 7463.51 7460.41 7457.96 7456.35 7455.8 7456.35 7457.96 7460.41 7463.51 7467.01 7470.75 7474.59 7478.42 7482.17 7485.79 7489.24 7492.48 7495.49 7498.24 7500.69 7502.84 7504.63 7506.07 7507.11 7507.74 7507.95 7507.74 7507.11 7506.07 7504.63 7502.84 7500.69 7498.24 7495.49 7492.48 7489.24 
7482.95 7479.09 7475.01 7470.75 7466.39 7462.02 7457.8 7453.96 7450.79 7448.67 7447.92 7448.67 7450.79 7453.96 7457.8 7462.02 7466.39 7470.75 7475.01 7479.09 7482.95 7486.57 7489.93 7493 7495.78 7498.24 7500.36 7502.13 7503.52 7504.54 7505.15 7505.35 7505.15 7504.54 7503.52 7502.13 7500.36 7498.24 7495.78 7493 7489.93 7486.57 
7480.34 7476.21 7471.75 7467.01 7462.02 7456.86 7451.7 7446.8 7442.57 7439.61 7438.51 7439.61 7442.57 7446.8 7451.7 7456.86 7462.02 7467.01 7471.75 7476.21 7480.34 7484.16 7487.65 7490.81 7493.64 7496.11 7498.24 7499.99 7501.37 7502.37 7502.97 7503.17 7502.97 7502.37 7501.37 7499.99 7498.24 7496.11 7493.64 7490.81 7487.65 7484.16 
7478.05 7473.63 7468.78 7463.51 7457.8 7451.7 7445.32 7438.94 7433.08 7428.66 7426.89 7428.66 7433.08 7438.94 7445.32 7451.7 7457.8 7463.51 7468.78 7473.63 7478.05 7482.07 7485.7 7488.96 7491.84 7494.34 7496.48 7498.24 7499.61 7500.6 7501.19 7501.39 7501.19 7500.6 7499.61 7498.24 7496.48 7494.34 7491.84 7488.96 7485.7 7482.07 
7476.15 7471.45 7466.23 7460.41 7453.96 7446.8 7438.94 7430.54 7422.12 7415.02 7411.74 7415.02 7422.12 7430.54 7438.94 7446.8 7453.96 7460.41 7466.23 7471.45 7476.15 7480.36 7484.13 7487.47 7490.41 7492.95 7495.1 7496.86 7498.24 7499.22 7499.81 7500.01 7499.81 7499.22 7498.24 7496.86 7495.1 7492.95 7490.41 7487.47 7484.13 7480.36 
7474.72 7469.79 7464.24 7457.96 7450.79 7442.57 7433.08 7422.12 7409.84 7397.56 7390 7397.56 7409.84 7422.12 7433.08 7442.57 7450.79 7457.96 7464.24 7469.79 7474.72 7479.09 7482.96 7486.38 7489.37 7491.94 7494.1 7495.87 7497.25 7498.24 7498.83 7499.02 7498.83 7498.24 7497.25 7495.87 7494.1 7491.94 7489.37 7486.38 7482.96 7479.09 
7473.83 7468.75 7462.98 7456.35 7448.67 7439.61 7428.66 7415.02 7397.56 7375.35 7353.14 7375.35 7397.56 7415.02 7428.66 7439.61 7448.67 7456.35 7462.98 7468.75 7473.83 7478.31 7482.25 7485.72 7488.73 7491.32 7493.5 7495.28 7496.66 7497.65 7498.24 7498.43 7498.24 7497.65 7496.66 7495.28 7493.5 7491.32 7488.73 7485.72 7482.25 7478.31 
7473.53 7468.4 7462.54 7455.8 7447.92 7438.51 7426.89 7411.74 7390 7353.14 7271.96 7353.14 7390 7411.74 7426.89 7438.51 7447.92 7455.8 7462.54 7468.4 7473.53 7478.04 7482.01 7485.49 7488.52 7491.12 7493.3 7495.08 7496.46 7497.45 7498.04 7498.24 7498.04 7497.45 7496.46 7495.08 7493.3 7491.12 7488.52 7485.49 7482.01 7478.04 
7473.83 7468.75 7462.98 7456.35 7448.67 7439.61 7428.66 7415.02 7397.56 7375.35 7353.14 7375.35 7397.56 7415.02 7428.66 7439.61 7448.67 7456.35 7462.98 7468.75 7473.83 7478.31 7482.25 7485.72 7488.73 7491.32 7493.5 7495.28 7496.66 7497.65 7498.24 7498.43 7498.24 7497.65 7496.66 7495.28 7493.5 7491.32 7488.73 7485.72 7482.25 7478.31 
7474.72 7469.79 7464.24 7457.96 7450.79 7442.57 7433.08 7422.12 7409.84 7397.56 7390 7397.56 7409.84 7422.12 7433.08 7442.57 7450.79 7457.96 7464.24 7469.79 7474.72 7479.09 7482.96 7486.38 7489.37 7491.94 7494.1 7495.87 7497.25 7498.24 7498.83 7499.02 7498.83 7498.24 7497.25 7495.87 7494.1 7491.94 7489.37 7486.38 7482.96 7479.09 
7476.15 7471.45 7466.23 7460.41 7453.96 7446.8 7438.94 7430.54 7422.12 7415.02 7411.74 7415.02 7422.12 7430.54 7438.94 7446.8 7453.96 7460.41 7466.23 7471.45 7476.15 7480.36 7484.13 7487.47 7490.41 7492.95 7495.1 7496.86 7498.24 7499.22 7499.81 7500.01 7499.81 7499.22 7498.24 7496.86 7495.1 7492.95 7490.41 7487.47 7484.13 7480.36 
7478.05 7473.63 7468.78 7463.51 7457.8 7451.7 7445.32 7438.94 7433.08 7428.66 7426.89 7428.66 7433.08 7438.94 7445.32 7451.7 7457.8 7463.51 7468.78 7473.63 7478.05 7482.07 7485.7 7488.96 7491.84 7494.34 7496.48 7498.24 7499.61 7500.6 7501.19 7501.39 7501.19 7500.6 7499.61 7498.24 7496.48 7494.34 7491.84 7488.96 7485.7 7482.07 
7480.34 7476.21 7471.75 7467.01 7462.02 7456.86 7451.7 7446.8 7442.57 7439.61 7438.51 7439.61 7442.57 7446.8 7451.7 7456.86 7462.02 7467.01 7471.75 7476.21 7480.34 7484.16 7487.65 7490.81 7493.64 7496.11 7498.24 7499.99 7501.37 7502.37 7502.97 7503.17 7502.97 7502.37 7501.37 7499.99 7498.24 7496.11 7493.64 7490.81 7487.65 7484.16 
7482.95 7479.09 7475.01 7470.75 7466.39 7462.02 7457.8 7453.96 7450.79 7448.67 7447.92 7448.67 7450.79 7453.96 7457.8 7462.02 7466.39 7470.75 7475.01 7479.09 7482.95 7486.57 7489.93 7493 7495.78 7498.24 7500.36 7502.13 7503.52 7504.54 7505.15 7505.35 7505.15 7504.54 7503.52 7502.13 7500.36 7498.24 7495.78 7493 7489.93 7486.57 
7485.79 7482.17 7478.42 7474.59 7470.75 7467.01 7463.51 7460.41 7457.96 7456.35 7455.8 7456.35 7457.96 7460.41 7463.51 7467.01 7470.75 7474.59 7478.42 7482.17 7485.79 7489.24 7492.48 7495.49 7498.24 7500.69 7502.84 7504.63 7506.07 7507.11 7507.74 7507.95 7507.74 7507.11 7506.07 7504.63 7502.84 7500.69 7498.24 7495.49 7492.48 7489.24 
7488.8 7485.38 7481.9 7478.42 7475.01 7471.75 7468.78 7466.23 7464.24 7462.98 7462.54 7462.98 7464.24 7466.23 7468.78 7471.75 7475.01 7478.42 7481.9 7485.38 7488.8 7492.11 7495.27 7498.24 7500.98 7503.47 7505.66 7507.52 7509 7510.09 7510.76 7510.98 7510.76 7510.09 7509 7507.52 7505.66 7503.47 7500.98 7498.24 7495.27 7492.11 
7491.91 7488.65 7485.38 7482.17 7479.09 7476.21 7473.63 7471.45 7469.79 7468.75 7468.4 7468.75 7469.79 7471.45 7473.63 7476.21 7479.09 7482.17 7485.38 7488.65 7491.91 7495.12 7498.24 7501.21 7503.99 7506.54 7508.82 7510.77 7512.35 7513.51 7514.23 7514.47 7514.23 7513.51 7512.35 7510.77 7508.82 7506.54 7503.99 7501.21 7498.24 7495.12 
7495.07 7491.91 7488.8 7485.79 7482.95 7480.34 7478.05 7476.15 7474.72 7473.83 7473.53 7473.83 7474.72 7476.15 7478.05 7480.34 7482.95 7485.79 7488.8 7491.91 7495.07 7498.24 7501.35 7504.36 7507.23 7509.9 7512.31 7514.41 7516.12 7517.39 7518.18 7518.44 7518.18 7517.39 7516.12 7514.41 7512.31 7509.9 7507.23 7504.36 7501.35 7498.24 
7498.24 7495.12 7492.11 7489.24 7486.57 7484.16 7482.07 7480.36 7479.09 7478.31 7478.04 7478.31 7479.09 7480.36 7482.07 7484.16 7486.57 7489.24 7492.11 7495.12 7498.24 7501.4 7504.56 7507.67 7510.68 7513.53 7516.13 7518.43 7520.34 7521.77 7522.66 7522.96 7522.66 7521.77 7520.34 7518.43 7516.13 7513.53 7510.68 7507.67 7504.56 7501.4 
7501.35 7498.24 7495.27 7492.48 7489.93 7487.65 7485.7 7484.13 7482.96 7482.25 7482.01 7482.25 7482.96 7484.13 7485.7 7487.65 7489.93 7492.48 7495.27 7498.24 7501.35 7504.56 7507.82 7511.09 7514.3 7517.39 7520.28 7522.86 7525.04 7526.7 7527.74 7528.1 7527.74 7526.7 7525.04 7522.86 7520.28 7517.39 7514.3 7511.09 7507.82 7504.56 
7504.36 7501.21 7498.24 7495.49 7493 7490.81 7488.96 7487.47 7486.38 7485.72 7485.49 7485.72 7486.38 7487.47 7488.96 7490.81 7493 7495.49 7498.24 7501.21 7504.36 7507.67 7511.09 7514.57 7518.06 7521.48 7524.74 7527.71 7530.27 7532.26 7533.53 7533.97 7533.53 7532.26 7530.27 7527.71 7524.74 7521.48 7518.06 7514.57 7511.09 7507.67 
7507.23 7503.99 7500.98 7498.24 7495.78 7493.64 7491.84 7490.41 7489.37 7488.73 7488.52 7488.73 7489.37 7490.41 7491.84 7493.64 7495.78 7498.24 7500.98 7503.99 7507.23 7510.68 7514.3 7518.06 7521.9 7525.74 7529.49 7533 7536.1 7538.56 7540.16 7540.72 7540.16 7538.56 7536.1 7533 7529.49 7525.74 7521.9 7518.06 7514.3 7510.68 
7509.9 7506.54 7503.47 7500.69 7498.24 7496.11 7494.34 7492.95 7491.94 7491.32 7491.12 7491.32 7491.94 7492.95 7494.34 7496.11 7498.24 7500.69 7503.47 7506.54 7509.9 7513.53 7517.39 7521.48 7525.74 7530.11 7534.49 7538.72 7542.57 7545.74 7547.87 7548.62 7547.87 7545.74 7542.57 7538.72 7534.49 7530.11 7525.74 7521.48 7517.39 7513.53 
7512.31 7508.82 7505.66 7502.84 7500.36 7498.24 7496.48 7495.1 7494.1 7493.5 7493.3 7493.5 7494.1 7495.1 7496.48 7498.24 7500.36 7502.84 7505.66 7508.82 7512.31 7516.13 7520.28 7524.74 7529.49 7534.49 7539.65 7544.83 7549.75 7553.98 7556.96 7558.06 7556.96 7553.98 7549.75 7544.83 7539.65 7534.49 7529.49 7524.74 7520.28 7516.13 
7514.41 7510.77 7507.52 7504.63 7502.13 7499.99 7498.24 7496.86 7495.87 7495.28 7495.08 7495.28 7495.87 7496.86 7498.24 7499.99 7502.13 7504.63 7507.52 7510.77 7514.41 7518.43 7522.86 7527.71 7533 7538.72 7544.83 7551.22 7557.63 7563.51 7567.95 7569.72 7567.95 7563.51 7557.63 7551.22 7544.83 7538.72 7533 7527.71 7522.86 7518.43 
7516.12 7512.35 7509 7506.07 7503.52 7501.37 7499.61 7498.24 7497.25 7496.66 7496.46 7496.66 7497.25 7498.24 7499.61 7501.37 7503.52 7506.07 7509 7512.35 7516.12 7520.34 7525.04 7530.27 7536.1 7542.57 7549.75 7557.63 7566.06 7574.51 7581.64 7584.95 7581.64 7574.51 7566.06 7557.63 7549.75 7542.57 7536.1 7530.27 7525.04 7520.34 
7517.39 7513.51 7510.09 7507.11 7504.54 7502.37 7500.6 7499.22 7498.24 7497.65 7497.45 7497.65 7498.24 7499.22 7500.6 7502.37 7504.54 7507.11 7510.09 7513.51 7517.39 7521.77 7526.7 7532.26 7538.56 7545.74 7553.98 7563.51 7574.51 7586.85 7599.2 7606.81 7599.2 7586.85 7574.51 7563.51 7553.98 7545.74 7538.56 7532.26 7526.7 7521.77 
7518.18 7514.23 7510.76 7507.74 7505.15 7502.97 7501.19 7499.81 7498.83 7498.24 7498.04 7498.24 7498.83 7499.81 7501.19 7502.97 7505.15 7507.74 7510.76 7514.23 7518.18 7522.66 7527.74 7533.53 7540.16 7547.87 7556.96 7567.95 7581.64 7599.2 7621.55 7643.94 7621.55 7599.2 7581.64 7567.95 7556.96 7547.87 7540.16 7533.53 7527.74 7522.66 
7518.44 7514.47 7510.98 7507.95 7505.35 7503.17 7501.39 7500.01 7499.02 7498.43 7498.24 7498.43 7499.02 7500.01 7501.39 7503.17 7505.35 7507.95 7510.98 7514.47 7518.44 7522.96 7528.1 7533.97 7540.72 7548.62 7558.06 7569.72 7584.95 7606.81 7643.94 7726 7643.94 7606.81 7584.95 7569.72 7558.06 7548.62 7540.72 7533.97 7528.1 7522.96 
7518.18 7514.23 7510.76 7507.74 7505.15 7502.97 7501.19 7499.81 7498.83 7498.24 7498.04 7498.24 7498.83 7499.81 7501.19 7502.97 7505.15 7507.74 7510.76 7514.23 7518.18 7522.66 7527.74 7533.53 7540.16 7547.87 7556.96 7567.95 7581.64 7599.2 7621.55 7643.94 7621.55 7599.2 7581.64 7567.95 7556.96 7547.87 7540.16 7533.53 7527.74 7522.66 
7517.39 7513.51 7510.09 7507.11 7504.54 7502.37 7500.6 7499.22 7498.24 7497.65 7497.45 7497.65 7498.24 7499.22 7500.6 7502.37 7504.54 7507.11 7510.09 7513.51 7517.39 7521.77 7526.7 7532.26 7538.56 7545.74 7553.98 7563.51 7574.51 7586.85 7599.2 7606.81 7599.2 7586.85 7574.51 7563.51 7553.98 7545.74 7538.56 7532.26 7526.7 7521.77 
7516.12 7512.35 7509 7506.07 7503.52 7501.37 7499.61 7498.24 7497.25 7496.66 7496.46 7496.66 7497.25 7498.24 7499.61 7501.37 7503.52 7506.07 7509 7512.35 7516.12 7520.34 7525.04 7530.27 7536.1 7542.57 7549.75 7557.63 7566.06 7574.51 7581.64 7584.95 7581.64 7574.51 7566.06 7557.63 7549.75 7542.57 7536.1 7530.27 7525.04 7520.34 
7514.41 7510.77 7507.52 7504.63 7502.13 7499.99 7498.24 7496.86 7495.87 7495.28 7495.08 7495.28 7495.87 7496.86 7498.24 7499.99 7502.13 7504.63 7507.52 7510.77 7514.41 7518.43 7522.86 7527.71 7533 7538.72 7544.83 7551.22 7557.63 7563.51 7567.95 7569.72 7567.95 7563.51 7557.63 7551.22 7544.83 7538.72 7533 7527.71 7522.86 7518.43 
7512.31 7508.82 7505.66 7502.84 7500.36 7498.24 7496.48 7495.1 7494.1 7493.5 7493.3 7493.5 7494.1 7495.1 7496.48 7498.24 7500.36 7502.84 7505.66 7508.82 7512.31 7516.13 7520.28 7524.74 7529.49 7534.49 7539.65 7544.83 7549.75 7553.98 7556.96 7558.06 7556.96 7553.98 7549.75 7544.83 7539.65 7534.49 7529.49 7524.74 7520.28 7516.13 
7509.9 7506.54 7503.47 7500.69 7498.24 7496.11 7494.34 7492.95 7491.94 7491.32 7491.12 7491.32 7491.94 7492.95 7494.34 7496.11 7498.24 7500.69 7503.47 7506.54 7509.9 7513.53 7517.39 7521.48 7525.74 7530.11 7534.49 7538.72 7542.57 7545.74 7547.87 7548.62 7547.87 7545.74 7542.57 7538.72 7534.49 7530.11 7525.74 7521.48 7517.39 7513.53 
7507.23 7503.99 7500.98 7498.24 7495.78 7493.64 7491.84 7490.41 7489.37 7488.73 7488.52 7488.73 7489.37 7490.41 7491.84 7493.64 7495.78 7498.24 7500.98 7503.99 7507.23 7510.68 7514.3 7518.06 7521.9 7525.74 7529.49 7533 7536.1 7538.56 7540.16 7540.72 7540.16 7538.56 7536.1 7533 7529.49 7525.74 7521.9 7518.06 7514.3 7510.68 
7504.36 7501.21 7498.24 7495.49 7493 7490.81 7488.96 7487.47 7486.38 7485.72 7485.49 7485.72 7486.38 7487.47 7488.96 7490.81 7493 7495.49 7498.24 7501.21 7504.36 7507.67 7511.09 7514.57 7518.06 7521.48 7524.74 7527.71 7530.27 7532.26 7533.53 7533.97 7533.53 7532.26 7530.27 7527.71 7524.74 7521.48 7518.06 7514.57 7511.09 7507.67 
7501.35 7498.24 7495.27 7492.48 7489.93 7487.65 7485.7 7484.13 7482.96 7482.25 7482.01 7482.25 7482.96 7484.13 7485.7 7487.65 7489.93 7492.48 7495.27 7498.24 7501.35 7504.56 7507.82 7511.09 7514.3 7517.39 7520.28 7522.86 7525.04 7526.7 7527.74 7528.1 7527.74 7526.7 7525.04 7522.86 7520.28 7517.39 7514.3 7511.09 7507.82 7504.56 
7498.24 7495.12 7492.11 7489.24 7486.57 7484.16 7482.07 7480.36 7479.09 7478.31 7478.04 7478.31 7479.09 7480.36 7482.07 7484.16 7486.57 7489.24 7492.11 7495.12 7498.24 7501.4 7504.56 7507.67 7510.68 7513.53 7516.13 7518.43 7520.34 7521.77 7522.66 7522.96 7522.66 7521.77 7520.34 7518.43 7516.13 7513.53 7510.68 7507.67 7504.56 7501.4 
