7495.63 7493.02 7490.44 7487.93 7485.55 7483.35 7481.4 7479.78 7478.55 7477.78 7477.52 7477.78 7478.55 7479.78 7481.4 7483.35 7485.55 7487.93 7490.44 7493.02 7495.63 7498.24 7500.8 7503.29 7505.66 7507.87 7509.87 7511.62 7513.05 7514.12 7514.78 7515.01 7514.78 7514.12 7513.05 7511.62 7509.87 7507.87 7505.66 7503.29 7500.8 7498.24 
7493.02 7490.31 7487.57 7484.86 7482.23 7479.76 7477.52 7475.63 7474.17 7473.25 7472.94 7473.25 7474.17 7475.63 7477.52 7479.76 7482.23 7484.86 7487.57 7490.31 7493.02 7495.68 7498.24 7500.68 7502.96 7505.06 7506.93 7508.53 7509.83 7510.79 7511.38 7511.58 7511.38 7510.79 7509.83 7508.53 7506.93 7505.06 7502.96 7500.68 7498.24 7495.68 
7490.44 7487.57 7484.62 7481.64 7478.68 7475.84 7473.21 7470.93 7469.15 7468.01 7467.61 7468.01 7469.15 7470.93 7473.21 7475.84 7478.68 7481.64 7484.62 7487.57 7490.44 7493.19 7495.8 7498.24 7500.49 7502.51 7504.3 7505.81 7507.02 7507.91 7508.45 7508.63 7508.45 7507.91 7507.02 7505.81 7504.3 7502.51 7500.49 7498.24 7495.8 7493.19 
7487.93 7484.86 7481.64 7478.31 7474.93 7471.59 7468.43 7465.62 7463.36 7461.88 7461.37 7461.88 7463.36 7465.62 7468.43 7471.59 7474.93 7478.31 7481.64 7484.86 7487.93 7490.82 7493.52 7495.99 7498.24 7500.24 7501.98 7503.43 7504.58 7505.42 7505.93 7506.1 7505.93 7505.42 7504.58 7503.43 7501.98 7500.24 7498.24 7495.99 7493.52 7490.82 
7485.55 7482.23 7478.68 7474.93 7471.02 7467.06 7463.18 7459.62 7456.66 7454.66 7453.95 7454.66 7456.66 7459.62 7463.18 7467.06 7471.02 7474.93 7478.68 7482.23 7485.55 7488.61 7491.42 7493.97 7496.24 7498.24 7499.96 7501.38 7502.5 7503.31 7503.8 7503.96 7503.8 7503.31 7502.5 7501.38 7499.96 7498.24 7496.24 7493.97 7491.42 7488.61 
7483.35 7479.76 7475.84 7471.59 7467.06 7462.31 7457.49 7452.86 7448.84 7446 7444.95 7446 7448.84 7452.86 7457.49 7462.31 7467.06 7471.59 7475.84 7479.76 7483.35 7486.61 7489.55 7492.18 7494.51 7496.53 7498.24 7499.65 7500.76 7501.55 7502.02 7502.18 7502.02 7501.55 7500.76 7499.65 7498.24 7496.53 7494.51 7492.18 7489.55 7486.61 
7481.4 7477.52 7473.21 7468.43 7463.18 7457.49 7451.46 7445.35 7439.69 7435.39 7433.67 7435.39 7439.69 7445.35 7451.46 7457.49 7463.18 7468.43 7473.21 7477.52 7481.4 7484.87 7487.95 7490.67 7493.05 7495.1 7496.83 7498.24 7499.34 7500.12 7500.59 7500.75 7500.59 7500.12 7499.34 7498.24 7496.83 7495.1 7493.05 7490.67 7487.95 7484.87 
7479.78 7475.63 7470.93 7465.62 7459.62 7452.86 7445.35 7437.22 7429.01 7422.03 7418.79 7422.03 7429.01 7437.22 7445.35 7452.86 7459.62 7465.62 7470.93 7475.63 7479.78 7483.43 7486.65 7489.46 7491.9 7493.98 7495.73 7497.15 7498.24 7499.02 7499.49 7499.65 7499.49 7499.02 7498.24 7497.15 7495.73 7493.98 7491.9 7489.46 7486.65 7483.43 
7478.55 7474.17 7469.15 7463.36 7456.66 7448.84 7439.69 7429.01 7416.93 7404.77 7397.25 7404.77 7416.93 7429.01 7439.69 7448.84 7456.66 7463.36 7469.15 7474.17 7478.55 7482.37 7485.69 7488.58 7491.06 7493.17 7494.94 7496.36 7497.46 7498.24 7498.71 7498.87 7498.71 7498.24 7497.46 7496.36 7494.94 7493.17 7491.06 7488.58 7485.69 7482.37 
7477.78 7473.25 7468.01 7461.88 7454.66 7446 7435.39 7422.03 7404.77 7382.68 7360.51 7382.68 7404.77 7422.03 7435.39 7446 7454.66 7461.88 7468.01 7473.25 7477.78 7481.7 7485.1 7488.04 7490.55 7492.69 7494.46 7495.89 7496.99 7497.78 7498.24 7498.4 7498.24 7497.78 7496.99 7495.89 7494.46 7492.69 7490.55 7488.04 7485.1 7481.7 
7477.52 7472.94 7467.61 7461.37 7453.95 7444.95 7433.67 7418.79 7397.25 7360.51 7279.36 7360.51 7397.25 7418.79 7433.67 7444.95 7453.95 7461.37 7467.61 7472.94 7477.52 7481.48 7484.9 7487.86 7490.38 7492.52 7494.3 7495.73 7496.84 7497.62 7498.09 7498.24 7498.09 7497.62 7496.84 7495.73 7494.3 7492.52 7490.38 7487.86 7484.9 7481.48 
7477.78 7473.25 7468.01 7461.88 7454.66 7446 7435.39 7422.03 7404.77 7382.68 7360.51 7382.68 7404.77 7422.03 7435.39 7446 7454.66 7461.88 7468.01 7473.25 7477.78 7481.7 7485.1 7488.04 7490.55 7492.69 7494.46 7495.89 7496.99 7497.78 7498.24 7498.4 7498.24 7497.78 7496.99 7495.89 7494.46 7492.69 7490.55 7488.04 7485.1 7481.7 
7478.55 7474.17 7469.15 7463.36 7456.66 7448.84 7439.69 7429.01 7416.93 7404.77 7397.25 7404.77 7416.93 7429.01 7439.69 7448.84 7456.66 7463.36 7469.15 7474.17 7478.55 7482.37 7485.69 7488.58 7491.06 7493.17 7494.94 7496.36 7497.46 7498.24 7498.71 7498.87 7498.71 7498.24 7497.46 7496.36 7494.94 7493.17 7491.06 7488.58 7485.69 7482.37 
7479.78 7475.63 7470.93 7465.62 7459.62 7452.86 7445.35 7437.22 7429.01 7422.03 7418.79 7422.03 7429.01 7437.22 7445.35 7452.86 7459.62 7465.62 7470.93 7475.63 7479.78 7483.43 7486.65 7489.46 7491.9 7493.98 7495.73 7497.15 7498.24 7499.02 7499.49 7499.65 7499.49 7499.02 7498.24 7497.15 7495.73 7493.98 7491.9 7489.46 7486.65 7483.43 
7481.4 7477.52 7473.21 7468.43 7463.18 7457.49 7451.46 7445.35 7439.69 7435.39 7433.67 7435.39 7439.69 7445.35 7451.46 7457.49 7463.18 7468.43 7473.21 7477.52 7481.4 7484.87 7487.95 7490.67 7493.05 7495.1 7496.83 7498.24 7499.34 7500.12 7500.59 7500.75 7500.59 7500.12 7499.34 7498.24 7496.83 7495.1 7493.05 7490.67 7487.95 7484.87 
7483.35 7479.76 7475.84 7471.59 7467.06 7462.31 7457.49 7452.86 7448.84 7446 7444.95 7446 7448.84 7452.86 7457.49 7462.31 7467.06 7471.59 7475.84 7479.76 7483.35 7486.61 7489.55 7492.18 7494.51 7496.53 7498.24 7499.65 7500.76 7501.55 7502.02 7502.18 7502.02 7501.55 7500.76 7499.65 7498.24 7496.53 7494.51 7492.18 7489.55 7486.61 
7485.55 7482.23 7478.68 7474.93 7471.02 7467.06 7463.18 7459.62 7456.66 7454.66 7453.95 7454.66 7456.66 7459.62 7463.18 7467.06 7471.02 7474.93 7478.68 7482.23 7485.55 7488.61 7491.42 7493.97 7496.24 7498.24 7499.96 7501.38 7502.5 7503.31 7503.8 7503.96 7503.8 7503.31 7502.5 7501.38 7499.96 7498.24 7496.24 7493.97 7491.42 7488.61 
7487.93 7484.86 7481.64 7478.31 7474.93 7471.59 7468.43 7465.62 7463.36 7461.88 7461.37 7461.88 7463.36 7465.62 7468.43 7471.59 7474.93 7478.31 7481.64 7484.86 7487.93 7490.82 7493.52 7495.99 7498.24 7500.24 7501.98 7503.43 7504.58 7505.42 7505.93 7506.1 7505.93 7505.42 7504.58 7503.43 7501.98 7500.24 7498.24 7495.99 7493.52 7490.82 
7490.44 7487.57 7484.62 7481.64 7478.68 7475.84 7473.21 7470.93 7469.15 7468.01 7467.61 7468.01 7469.15 7470.93 7473.21 7475.84 7478.68 7481.64 7484.62 7487.57 7490.44 7493.19 7495.8 7498.24 7500.49 7502.51 7504.3 7505.81 7507.02 7507.91 7508.45 7508.63 7508.45 7507.91 7507.02 7505.81 7504.3 7502.51 7500.49 7498.24 7495.8 7493.19 
7493.02 7490.31 7487.57 7484.86 7482.23 7479.76 7477.52 7475.63 7474.17 7473.25 7472.94 7473.25 7474.17 7475.63 7477.52 7479.76 7482.23 7484.86 7487.57 7490.31 7493.02 7495.68 7498.24 7500.68 7502.96 7505.06 7506.93 7508.53 7509.83 7510.79 7511.38 7511.58 7511.38 7510.79 7509.83 7508.53 7506.93 7505.06 7502.96 7500.68 7498.24 7495.68 
7495.63 7493.02 7490.44 7487.93 7485.55 7483.35 7481.4 7479.78 7478.55 7477.78 7477.52 7477.78 7478.55 7479.78 7481.4 7483.35 7485.55 7487.93 7490.44 7493.02 7495.63 7498.24 7500.8 7503.29 7505.66 7507.87 7509.87 7511.62 7513.05 7514.12 7514.78 7515.01 7514.78 7514.12 7513.05 7511.62 7509.87 7507.87 7505.66 7503.29 7500.8 7498.24 
7498.24 7495.68 7493.19 7490.82 7488.61 7486.61 7484.87 7483.43 7482.37 7481.7 7481.48 7481.7 7482.37 7483.43 7484.87 7486.61 7488.61 7490.82 7493.19 7495.68 7498.24 7500.85 7503.46 7506.04 7508.55 7510.93 7513.14 7515.09 7516.71 7517.94 7518.71 7518.97 7518.71 7517.94 7516.71 7515.09 7513.14 7510.93 7508.55 7506.04 7503.46 7500.85 
7500.8 7498.24 7495.8 7493.52 7491.42 7489.55 7487.95 7486.65 7485.69 7485.1 7484.9 7485.1 7485.69 7486.65 7487.95 7489.55 7491.42 7493.52 7495.8 7498.24 7500.8 7503.46 7506.17 7508.91 7511.62 7514.25 7516.73 7518.96 7520.86 7522.32 7523.24 7523.55 7523.24 7522.32 7520.86 7518.96 7516.73 7514.25 7511.62 7508.91 7506.17 7503.46 
7503.29 7500.68 7498.24 7495.99 7493.97 7492.18 7490.67 7489.46 7488.58 7488.04 7487.86 7488.04 7488.58 7489.46 7490.67 7492.18 7493.97 7495.99 7498.24 7500.68 7503.29 7506.04 7508.91 7511.86 7514.85 7517.8 7520.65 7523.28 7525.56 7527.35 7528.49 7528.89 7528.49 7527.35 7525.56 7523.28 7520.65 7517.8 7514.85 7511.86 7508.91 7506.04 
7505.66 7502.96 7500.49 7498.24 7496.24 7494.51 7493.05 7491.9 7491.06 7490.55 7490.38 7490.55 7491.06 7491.9 7493.05 7494.51 7496.24 7498.24 7500.49 7502.96 7505.66 7508.55 7511.62 7514.85 7518.18 7521.56 7524.9 7528.06 7530.88 7533.14 7534.62 7535.14 7534.62 7533.14 7530.88 7528.06 7524.9 7521.56 7518.18 7514.85 7511.62 7508.55 
7507.87 7505.06 7502.51 7500.24 7498.24 7496.53 7495.1 7493.98 7493.17 7492.69 7492.52 7492.69 7493.17 7493.98 7495.1 7496.53 7498.24 7500.24 7502.51 7505.06 7507.87 7510.93 7514.25 7517.8 7521.56 7525.47 7529.44 7533.32 7536.89 7539.86 7541.86 7542.58 7541.86 7539.86 7536.89 7533.32 7529.44 7525.47 7521.56 7517.8 7514.25 7510.93 
7509.87 7506.93 7504.3 7501.98 7499.96 7498.24 7496.83 7495.73 7494.94 7494.46 7494.3 7494.46 7494.94 7495.73 7496.83 7498.24 7499.96 7501.98 7504.3 7506.93 7509.87 7513.14 7516.73 7520.65 7524.9 7529.44 7534.2 7539.02 7543.66 7547.69 7550.54 7551.6 7550.54 7547.69 7543.66 7539.02 7534.2 7529.44 7524.9 7520.65 7516.73 7513.14 
7511.62 7508.53 7505.81 7503.43 7501.38 7499.65 7498.24 7497.15 7496.36 7495.89 7495.73 7495.89 7496.36 7497.15 7498.24 7499.65 7501.38 7503.43 7505.81 7508.53 7511.62 7515.09 7518.96 7523.28 7528.06 7533.32 7539.02 7545.07 7551.2 7556.87 7561.19 7562.91 7561.19 7556.87 7551.2 7545.07 7539.02 7533.32 7528.06 7523.28 7518.96 7515.09 
7513.05 7509.83 7507.02 7504.58 7502.5 7500.76 7499.34 7498.24 7497.46 7496.99 7496.84 7496.99 7497.46 7498.24 7499.34 7500.76 7502.5 7504.58 7507.02 7509.83 7513.05 7516.71 7520.86 7525.56 7530.88 7536.89 7543.66 7551.2 7559.35 7567.59 7574.59 7577.85 7574.59 7567.59 7559.35 7551.2 7543.66 7536.89 7530.88 7525.56 7520.86 7516.71 
7514.12 7510.79 7507.91 7505.42 7503.31 7501.55 7500.12 7499.02 7498.24 7497.78 7497.62 7497.78 7498.24 7499.02 7500.12 7501.55 7503.31 7505.42 7507.91 7510.79 7514.12 7517.94 7522.32 7527.35 7533.14 7539.86 7547.69 7556.87 7567.59 7579.72 7591.94 7599.51 7591.94 7579.72 7567.59 7556.87 7547.69 7539.86 7533.14 7527.35 7522.32 7517.94 
7514.78 7511.38 7508.45 7505.93 7503.8 7502.02 7500.59 7499.49 7498.71 7498.24 7498.09 7498.24 7498.71 7499.49 7500.59 7502.02 7503.8 7505.93 7508.45 7511.38 7514.78 7518.71 7523.24 7528.49 7534.62 7541.86 7550.54 7561.19 7574.59 7591.94 7614.17 7636.5 7614.17 7591.94 7574.59 7561.19 7550.54 7541.86 7534.62 7528.49 7523.24 7518.71 
7515.01 7511.58 7508.63 7506.1 7503.96 7502.18 7500.75 7499.65 7498.87 7498.4 7498.24 7498.4 7498.87 7499.65 7500.75 7502.18 7503.96 7506.1 7508.63 7511.58 7515.01 7518.97 7523.55 7528.89 7535.14 7542.58 7551.6 7562.91 7577.85 7599.51 7636.5 7718.5 7636.5 7599.51 7577.85 7562.91 7551.6 7542.58 7535.14 7528.89 7523.55 7518.97 
7514.78 7511.38 7508.45 7505.93 7503.8 7502.02 7500.59 7499.49 7498.71 7498.24 7498.09 7498.24 7498.71 7499.49 7500.59 7502.02 7503.8 7505.93 7508.45 7511.38 7514.78 7518.71 7523.24 7528.49 7534.62 7541.86 7550.54 7561.19 7574.59 7591.94 7614.17 7636.5 7614.17 7591.94 7574.59 7561.19 7550.54 7541.86 7534.62 7528.49 7523.24 7518.71 
7514.12 7510.79 7507.91 7505.42 7503.31 7501.55 7500.12 7499.02 7498.24 7497.78 7497.62 7497.78 7498.24 7499.02 7500.12 7501.55 7503.31 7505.42 7507.91 7510.79 7514.12 7517.94 7522.32 7527.35 7533.14 7539.86 7547.69 7556.87 7567.59 7579.72 7591.94 7599.51 7591.94 7579.72 7567.59 7556.87 7547.69 7539.86 7533.14 7527.35 7522.32 7517.94 
7513.05 7509.83 7507.02 7504.58 7502.5 7500.76 7499.34 7498.24 7497.46 7496.99 7496.84 7496.99 7497.46 7498.24 7499.34 7500.76 7502.5 7504.58 7507.02 7509.83 7513.05 7516.71 7520.86 7525.56 7530.88 7536.89 7543.66 7551.2 7559.35 7567.59 7574.59 7577.85 7574.59 7567.59 7559.35 7551.2 7543.66 7536.89 7530.88 7525.56 7520.86 7516.71 
7511.62 7508.53 7505.81 7503.43 7501.38 7499.65 7498.24 7497.15 7496.36 7495.89 7495.73 7495.89 7496.36 7497.15 7498.24 7499.65 7501.38 7503.43 7505.81 7508.53 7511.62 7515.09 7518.96 7523.28 7528.06 7533.32 7539.02 7545.07 7551.2 7556.87 7561.19 7562.91 7561.19 7556.87 7551.2 7545.07 7539.02 7533.32 7528.06 7523.28 7518.96 7515.09 
7509.87 7506.93 7504.3 7501.98 7499.96 7498.24 7496.83 7495.73 7494.94 7494.46 7494.3 7494.46 7494.94 7495.73 7496.83 7498.24 7499.96 7501.98 7504.3 7506.93 7509.87 7513.14 7516.73 7520.65 7524.9 7529.44 7534.2 7539.02 7543.66 7547.69 7550.54 7551.6 7550.54 7547.69 7543.66 7539.02 7534.2 7529.44 7524.9 7520.65 7516.73 7513.14 
7507.87 7505.06 7502.51 7500.24 7498.24 7496.53 7495.1 7493.98 7493.17 7492.69 7492.52 7492.69 7493.17 7493.98 7495.1 7496.53 7498.24 7500.24 7502.51 7505.06 7507.87 7510.93 7514.25 7517.8 7521.56 7525.47 7529.44 7533.32 7536.89 7539.86 7541.86 7542.58 7541.86 7539.86 7536.89 7533.32 7529.44 7525.47 7521.56 7517.8 7514.25 7510.93 
7505.66 7502.96 7500.49 7498.24 7496.24 7494.51 7493.05 7491.9 7491.06 7490.55 7490.38 7490.55 7491.06 7491.9 7493.05 7494.51 7496.24 7498.24 7500.49 7502.96 7505.66 7508.55 7511.62 7514.85 7518.18 7521.56 7524.9 7528.06 7530.88 7533.14 7534.62 7535.14 7534.62 7533.14 7530.88 7528.06 7524.9 7521.56 7518.18 7514.85 7511.62 7508.55 
7503.29 7500.68 7498.24 7495.99 7493.97 7492.18 7490.67 7489.46 7488.58 7488.04 7487.86 7488.04 7488.58 7489.46 7490.67 7492.18 7493.97 7495.99 7498.24 7500.68 7503.29 7506.04 7508.91 7511.86 7514.85 7517.8 7520.65 7523.28 7525.56 7527.35 7528.49 7528.89 7528.49 7527.35 7525.56 7523.28 7520.65 7517.8 7514.85 7511.86 7508.91 7506.04 
7500.8 7498.24 7495.8 7493.52 7491.42 7489.55 7487.95 7486.65 7485.69 7485.1 7484.9 7485.1 7485.69 7486.65 7487.95 7489.55 7491.42 7493.52 7495.8 7498.24 7500.8 7503.46 7506.17 7508.91 7511.62 7514.25 7516.73 7518.96 7520.86 7522.32 7523.24 7523.55 7523.24 7522.32 7520.86 7518.96 7516.73 7514.25 7511.62 7508.91 7506.17 7503.46 
7498.24 7495.68 7493.19 7490.82 7488.61 7486.61 7484.87 7483.43 7482.37 7481.7 7481.48 7481.7 7482.37 7483.43 7484.87 7486.61 7488.61 7490.82 7493.19 7495.68 7498.24 7500.85 7503.46 7506.04 7508.55 7510.93 7513.14 7515.09 7516.71 7517.94 7518.71 7518.97 7518.71 7517.94 7516.71 7515.09 7513.14 7510.93 7508.55 7506.04 7503.46 7500.85 
