7496.83 7495.38 7493.94 7492.5 7491.1 7489.77 7488.57 7487.54 7486.75 7486.25 7486.08 7486.25 7486.75 7487.54 7488.57 7489.77 7491.1 7492.5 7493.94 7495.38 7496.83 7498.25 7499.64 7501 7502.3 7503.53 7504.67 7505.68 7506.52 7507.16 7507.56 7507.69 7507.56 7507.16 7506.52 7505.68 7504.67 7503.53 7502.3 7501 7499.64 7498.25 
7495.38 7493.85 7492.25 7490.62 7488.98 7487.39 7485.91 7484.62 7483.61 7482.96 7482.74 7482.96 7483.61 7484.62 7485.91 7487.39 7488.98 7490.62 7492.25 7493.85 7495.38 7496.85 7498.25 7499.56 7500.78 7501.91 7502.92 7503.79 7504.5 7505.04 7505.37 7505.48 7505.37 7505.04 7504.5 7503.79 7502.92 7501.91 7500.78 7499.56 7498.25 7496.85 
7493.94 7492.25 7490.45 7488.56 7486.6 7484.65 7482.79 7481.13 7479.79 7478.93 7478.62 7478.93 7479.79 7481.13 7482.79 7484.65 7486.6 7488.56 7490.45 7492.25 7493.94 7495.5 7496.94 7498.25 7499.44 7500.5 7501.42 7502.21 7502.84 7503.3 7503.59 7503.68 7503.59 7503.3 7502.84 7502.21 7501.42 7500.5 7499.44 7498.25 7496.94 7495.5 
7492.5 7490.62 7488.56 7486.33 7483.96 7481.53 7479.15 7476.96 7475.16 7473.96 7473.54 7473.96 7475.16 7476.96 7479.15 7481.53 7483.96 7486.33 7488.56 7490.62 7492.5 7494.19 7495.71 7497.06 7498.25 7499.28 7500.16 7500.9 7501.47 7501.89 7502.14 7502.23 7502.14 7501.89 7501.47 7500.9 7500.16 7499.28 7498.25 7497.06 7495.71 7494.19 
7491.1 7488.98 7486.6 7483.96 7481.09 7478.04 7474.95 7472.02 7469.52 7467.81 7467.19 7467.81 7469.52 7472.02 7474.95 7478.04 7481.09 7483.96 7486.6 7488.98 7491.1 7492.96 7494.59 7496 7497.21 7498.25 7499.11 7499.82 7500.36 7500.75 7500.98 7501.06 7500.98 7500.75 7500.36 7499.82 7499.11 7498.25 7497.21 7496 7494.59 7492.96 
7489.77 7487.39 7484.65 7481.53 7478.04 7474.22 7470.2 7466.21 7462.67 7460.11 7459.15 7460.11 7462.67 7466.21 7470.2 7474.22 7478.04 7481.53 7484.65 7487.39 7489.77 7491.82 7493.58 7495.07 7496.33 7497.38 7498.25 7498.94 7499.47 7499.84 7500.07 7500.14 7500.07 7499.84 7499.47 7498.94 7498.25 7497.38 7496.33 7495.07 7493.58 7491.82 
7488.57 7485.91 7482.79 7479.15 7474.95 7470.2 7464.97 7459.52 7454.33 7450.33 7448.7 7450.33 7454.33 7459.52 7464.97 7470.2 7474.95 7479.15 7482.79 7485.91 7488.57 7490.81 7492.7 7494.29 7495.6 7496.68 7497.56 7498.25 7498.77 7499.14 7499.36 7499.43 7499.36 7499.14 7498.77 7498.25 7497.56 7496.68 7495.6 7494.29 7492.7 7490.81 
7487.54 7484.62 7481.13 7476.96 7472.02 7466.21 7459.52 7452.05 7444.32 7437.63 7434.49 7437.63 7444.32 7452.05 7459.52 7466.21 7472.02 7476.96 7481.13 7484.62 7487.54 7489.97 7491.99 7493.66 7495.02 7496.14 7497.03 7497.73 7498.25 7498.61 7498.83 7498.9 7498.83 7498.61 7498.25 7497.73 7497.03 7496.14 7495.02 7493.66 7491.99 7489.97 
7486.75 7483.61 7479.79 7475.16 7469.52 7462.67 7454.33 7444.32 7432.72 7420.85 7413.43 7420.85 7432.72 7444.32 7454.33 7462.67 7469.52 7475.16 7479.79 7483.61 7486.75 7489.33 7491.46 7493.19 7494.61 7495.75 7496.66 7497.36 7497.89 7498.25 7498.46 7498.53 7498.46 7498.25 7497.89 7497.36 7496.66 7495.75 7494.61 7493.19 7491.46 7489.33 
7486.25 7482.96 7478.93 7473.96 7467.81 7460.11 7450.33 7437.63 7420.85 7399.05 7376.97 7399.05 7420.85 7437.63 7450.33 7460.11 7467.81 7473.96 7478.93 7482.96 7486.25 7488.94 7491.13 7492.91 7494.35 7495.51 7496.43 7497.14 7497.67 7498.04 7498.25 7498.32 7498.25 7498.04 7497.67 7497.14 7496.43 7495.51 7494.35 7492.91 7491.13 7488.94 
7486.08 7482.74 7478.62 7473.54 7467.19 7459.15 7448.7 7434.49 7413.43 7376.97 7295.89 7376.97 7413.43 7434.49 7448.7 7459.15 7467.19 7473.54 7478.62 7482.74 7486.08 7488.8 7491.02 7492.82 7494.27 7495.44 7496.36 7497.07 7497.6 7497.97 7498.18 7498.25 7498.18 7497.97 7497.6 7497.07 7496.36 7495.44 7494.27 7492.82 7491.02 7488.8 
7486.25 7482.96 7478.93 7473.96 7467.81 7460.11 7450.33 7437.63 7420.85 7399.05 7376.97 7399.05 7420.85 7437.63 7450.33 7460.11 7467.81 7473.96 7478.93 7482.96 7486.25 7488.94 7491.13 7492.91 7494.35 7495.51 7496.43 7497.14 7497.67 7498.04 7498.25 7498.32 7498.25 7498.04 7497.67 7497.14 7496.43 7495.51 7494.35 7492.91 7491.13 7488.94 
7486.75 7483.61 7479.79 7475.16 7469.52 7462.67 7454.33 7444.32 7432.72 7420.85 7413.43 7420.85 7432.72 7444.32 7454.33 7462.67 7469.52 7475.16 7479.79 7483.61 7486.75 7489.33 7491.46 7493.19 7494.61 7495.75 7496.66 7497.36 7497.89 7498.25 7498.46 7498.53 7498.46 7498.25 7497.89 7497.36 7496.66 7495.75 7494.61 7493.19 7491.46 7489.33 
7487.54 7484.62 7481.13 7476.96 7472.02 7466.21 7459.52 7452.05 7444.32 7437.63 7434.49 7437.63 7444.32 7452.05 7459.52 7466.21 7472.02 7476.96 7481.13 7484.62 7487.54 7489.97 7491.99 7493.66 7495.02 7496.14 7497.03 7497.73 7498.25 7498.61 7498.83 7498.9 7498.83 7498.61 7498.25 7497.73 7497.03 7496.14 7495.02 7493.66 7491.99 7489.97 
7488.57 7485.91 7482.79 7479.15 7474.95 7470.2 7464.97 7459.52 7454.33 7450.33 7448.7 7450.33 7454.33 7459.52 7464.97 7470.2 7474.95 7479.15 7482.79 7485.91 7488.57 7490.81 7492.7 7494.29 7495.6 7496.68 7497.56 7498.25 7498.77 7499.14 7499.36 7499.43 7499.36 7499.14 7498.77 7498.25 7497.56 7496.68 7495.6 7494.29 7492.7 7490.81 
7489.77 7487.39 7484.65 7481.53 7478.04 7474.22 7470.2 7466.21 7462.67 7460.11 7459.15 7460.11 7462.67 7466.21 7470.2 7474.22 7478.04 7481.53 7484.65 7487.39 7489.77 7491.82 7493.58 7495.07 7496.33 7497.38 7498.25 7498.94 7499.47 7499.84 7500.07 7500.14 7500.07 7499.84 7499.47 7498.94 7498.25 7497.38 7496.33 7495.07 7493.58 7491.82 
7491.1 7488.98 7486.6 7483.96 7481.09 7478.04 7474.95 7472.02 7469.52 7467.81 7467.19 7467.81 7469.52 7472.02 7474.95 7478.04 7481.09 7483.96 7486.6 7488.98 7491.1 7492.96 7494.59 7496 7497.21 7498.25 7499.11 7499.82 7500.36 7500.75 7500.98 7501.06 7500.98 7500.75 7500.36 7499.82 7499.11 7498.25 7497.21 7496 7494.59 7492.96 
7492.5 7490.62 7488.56 7486.33 7483.96 7481.53 7479.15 7476.96 7475.16 7473.96 7473.54 7473.96 7475.16 7476.96 7479.15 7481.53 7483.96 7486.33 7488.56 7490.62 7492.5 7494.19 7495.71 7497.06 7498.25 7499.28 7500.16 7500.9 7501.47 7501.89 7502.14 7502.23 7502.14 7501.89 7501.47 7500.9 7500.16 7499.28 7498.25 7497.06 7495.71 7494.19 
7493.94 7492.25 7490.45 7488.56 7486.6 7484.65 7482.79 7481.13 7479.79 7478.93 7478.62 7478.93 7479.79 7481.13 7482.79 7484.65 7486.6 7488.56 7490.45 7492.25 7493.94 7495.5 7496.94 7498.25 7499.44 7500.5 7501.42 7502.21 7502.84 7503.3 7503.59 7503.68 7503.59 7503.3 7502.84 7502.21 7501.42 7500.5 7499.44 7498.25 7496.94 7495.5 
7495.38 7493.85 7492.25 7490.62 7488.98 7487.39 7485.91 7484.62 7483.61 7482.96 7482.74 7482.96 7483.61 7484.62 7485.91 7487.39 7488.98 7490.62 7492.25 7493.85 7495.38 7496.85 7498.25 7499.56 7500.78 7501.91 7502.92 7503.79 7504.5 7505.04 7505.37 7505.48 7505.37 7505.04 7504.5 7503.79 7502.92 7501.91 7500.78 7499.56 7498.25 7496.85 
7496.83 7495.38 7493.94 7492.5 7491.1 7489.77 7488.57 7487.54 7486.75 7486.25 7486.08 7486.25 7486.75 7487.54 7488.57 7489.77 7491.1 7492.5 7493.94 7495.38 7496.83 7498.25 7499.64 7501 7502.3 7503.53 7504.67 7505.68 7506.52 7507.16 7507.56 7507.69 7507.56 7507.16 7506.52 7505.68 7504.67 7503.53 7502.3 7501 7499.64 7498.25 
7498.25 7496.85 7495.5 7494.19 7492.96 7491.82 7490.81 7489.97 7489.33 7488.94 7488.8 7488.94 7489.33 7489.97 7490.81 7491.82 7492.96 7494.19 7495.5 7496.85 7498.25 7499.67 7501.11 7502.56 7503.99 7505.39 7506.72 7507.92 7508.95 7509.74 7510.24 7510.41 7510.24 7509.74 7508.95 7507.92 7506.72 7505.39 7503.99 7502.56 7501.11 7499.67 
7499.64 7498.25 7496.94 7495.71 7494.59 7493.58 7492.7 7491.99 7491.46 7491.13 7491.02 7491.13 7491.46 7491.99 7492.7 7493.58 7494.59 7495.71 7496.94 7498.25 7499.64 7501.11 7502.65 7504.24 7505.87 7507.51 7509.1 7510.58 7511.87 7512.88 7513.53 7513.75 7513.53 7512.88 7511.87 7510.58 7509.1 7507.51 7505.87 7504.24 7502.65 7501.11 
7501 7499.56 7498.25 7497.06 7496 7495.07 7494.29 7493.66 7493.19 7492.91 7492.82 7492.91 7493.19 7493.66 7494.29 7495.07 7496 7497.06 7498.25 7499.56 7501 7502.56 7504.24 7506.04 7507.94 7509.89 7511.84 7513.7 7515.37 7516.7 7517.57 7517.87 7517.57 7516.7 7515.37 7513.7 7511.84 7509.89 7507.94 7506.04 7504.24 7502.56 
7502.3 7500.78 7499.44 7498.25 7497.21 7496.33 7495.6 7495.02 7494.61 7494.35 7494.27 7494.35 7494.61 7495.02 7495.6 7496.33 7497.21 7498.25 7499.44 7500.78 7502.3 7503.99 7505.87 7507.94 7510.17 7512.53 7514.96 7517.34 7519.53 7521.34 7522.53 7522.96 7522.53 7521.34 7519.53 7517.34 7514.96 7512.53 7510.17 7507.94 7505.87 7503.99 
7503.53 7501.91 7500.5 7499.28 7498.25 7497.38 7496.68 7496.14 7495.75 7495.51 7495.44 7495.51 7495.75 7496.14 7496.68 7497.38 7498.25 7499.28 7500.5 7501.91 7503.53 7505.39 7507.51 7509.89 7512.53 7515.41 7518.45 7521.54 7524.48 7526.98 7528.69 7529.31 7528.69 7526.98 7524.48 7521.54 7518.45 7515.41 7512.53 7509.89 7507.51 7505.39 
7504.67 7502.92 7501.42 7500.16 7499.11 7498.25 7497.56 7497.03 7496.66 7496.43 7496.36 7496.43 7496.66 7497.03 7497.56 7498.25 7499.11 7500.16 7501.42 7502.92 7504.67 7506.72 7509.1 7511.84 7514.96 7518.45 7522.27 7526.3 7530.29 7533.84 7536.4 7537.36 7536.4 7533.84 7530.29 7526.3 7522.27 7518.45 7514.96 7511.84 7509.1 7506.72 
7505.68 7503.79 7502.21 7500.9 7499.82 7498.94 7498.25 7497.73 7497.36 7497.14 7497.07 7497.14 7497.36 7497.73 7498.25 7498.94 7499.82 7500.9 7502.21 7503.79 7505.68 7507.92 7510.58 7513.7 7517.34 7521.54 7526.3 7531.53 7537 7542.19 7546.21 7547.83 7546.21 7542.19 7537 7531.53 7526.3 7521.54 7517.34 7513.7 7510.58 7507.92 
7506.52 7504.5 7502.84 7501.47 7500.36 7499.47 7498.77 7498.25 7497.89 7497.67 7497.6 7497.67 7497.89 7498.25 7498.77 7499.47 7500.36 7501.47 7502.84 7504.5 7506.52 7508.95 7511.87 7515.37 7519.53 7524.48 7530.29 7537 7544.48 7552.23 7558.94 7562.09 7558.94 7552.23 7544.48 7537 7530.29 7524.48 7519.53 7515.37 7511.87 7508.95 
7507.16 7505.04 7503.3 7501.89 7500.75 7499.84 7499.14 7498.61 7498.25 7498.04 7497.97 7498.04 7498.25 7498.61 7499.14 7499.84 7500.75 7501.89 7503.3 7505.04 7507.16 7509.74 7512.88 7516.7 7521.34 7526.98 7533.84 7542.19 7552.23 7563.86 7575.78 7583.24 7575.78 7563.86 7552.23 7542.19 7533.84 7526.98 7521.34 7516.7 7512.88 7509.74 
7507.56 7505.37 7503.59 7502.14 7500.98 7500.07 7499.36 7498.83 7498.46 7498.25 7498.18 7498.25 7498.46 7498.83 7499.36 7500.07 7500.98 7502.14 7503.59 7505.37 7507.56 7510.24 7513.53 7517.57 7522.53 7528.69 7536.4 7546.21 7558.94 7575.78 7597.69 7619.9 7597.69 7575.78 7558.94 7546.21 7536.4 7528.69 7522.53 7517.57 7513.53 7510.24 
7507.69 7505.48 7503.68 7502.23 7501.06 7500.14 7499.43 7498.9 7498.53 7498.32 7498.25 7498.32 7498.53 7498.9 7499.43 7500.14 7501.06 7502.23 7503.68 7505.48 7507.69 7510.41 7513.75 7517.87 7522.96 7529.31 7537.36 7547.83 7562.09 7583.24 7619.9 7701.76 7619.9 7583.24 7562.09 7547.83 7537.36 7529.31 7522.96 7517.87 7513.75 7510.41 
7507.56 7505.37 7503.59 7502.14 7500.98 7500.07 7499.36 7498.83 7498.46 7498.25 7498.18 7498.25 7498.46 7498.83 7499.36 7500.07 7500.98 7502.14 7503.59 7505.37 7507.56 7510.24 7513.53 7517.57 7522.53 7528.69 7536.4 7546.21 7558.94 7575.78 7597.69 7619.9 7597.69 7575.78 7558.94 7546.21 7536.4 7528.69 7522.53 7517.57 7513.53 7510.24 
7507.16 7505.04 7503.3 7501.89 7500.75 7499.84 7499.14 7498.61 7498.25 7498.04 7497.97 7498.04 7498.25 7498.61 7499.14 7499.84 7500.75 7501.89 7503.3 7505.04 7507.16 7509.74 7512.88 7516.7 7521.34 7526.98 7533.84 7542.19 7552.23 7563.86 7575.78 7583.24 7575.78 7563.86 7552.23 7542.19 7533.84 7526.98 7521.34 7516.7 7512.88 7509.74 
7506.52 7504.5 7502.84 7501.47 7500.36 7499.47 7498.77 7498.25 7497.89 7497.67 7497.6 7497.67 7497.89 7498.25 7498.77 7499.47 7500.36 7501.47 7502.84 7504.5 7506.52 7508.95 7511.87 7515.37 7519.53 7524.48 7530.29 7537 7544.48 7552.23 7558.94 7562.09 7558.94 7552.23 7544.48 7537 7530.29 7524.48 7519.53 7515.37 7511.87 7508.95 
7505.68 7503.79 7502.21 7500.9 7499.82 7498.94 7498.25 7497.73 7497.36 7497.14 7497.07 7497.14 7497.36 7497.73 7498.25 7498.94 7499.82 7500.9 7502.21 7503.79 7505.68 7507.92 7510.58 7513.7 7517.34 7521.54 7526.3 7531.53 7537 7542.19 7546.21 7547.83 7546.21 7542.19 7537 7531.53 7526.3 7521.54 7517.34 7513.7 7510.58 7507.92 
7504.67 7502.92 7501.42 7500.16 7499.11 7498.25 7497.56 7497.03 7496.66 7496.43 7496.36 7496.43 7496.66 7497.03 7497.56 7498.25 7499.11 7500.16 7501.42 7502.92 7504.67 7506.72 7509.1 7511.84 7514.96 7518.45 7522.27 7526.3 7530.29 7533.84 7536.4 7537.36 7536.4 7533.84 7530.29 7526.3 7522.27 7518.45 7514.96 7511.84 7509.1 7506.72 
7503.53 7501.91 7500.5 7499.28 7498.25 7497.38 7496.68 7496.14 7495.75 7495.51 7495.44 7495.51 7495.75 7496.14 7496.68 7497.38 7498.25 7499.28 7500.5 7501.91 7503.53 7505.39 7507.51 7509.89 7512.53 7515.41 7518.45 7521.54 7524.48 7526.98 7528.69 7529.31 7528.69 7526.98 7524.48 7521.54 7518.45 7515.41 7512.53 7509.89 7507.51 7505.39 
7502.3 7500.78 7499.44 7498.25 7497.21 7496.33 7495.6 7495.02 7494.61 7494.35 7494.27 7494.35 7494.61 7495.02 7495.6 7496.33 7497.21 7498.25 7499.44 7500.78 7502.3 7503.99 7505.87 7507.94 7510.17 7512.53 7514.96 7517.34 7519.53 7521.34 7522.53 7522.96 7522.53 7521.34 7519.53 7517.34 7514.96 7512.53 7510.17 7507.94 7505.87 7503.99 
7501 7499.56 7498.25 7497.06 7496 7495.07 7494.29 7493.66 7493.19 7492.91 7492.82 7492.91 7493.19 7493.66 7494.29 7495.07 7496 7497.06 7498.25 7499.56 7501 7502.56 7504.24 7506.04 7507.94 7509.89 7511.84 7513.7 7515.37 7516.7 7517.57 7517.87 7517.57 7516.7 7515.37 7513.7 7511.84 7509.89 7507.94 7506.04 7504.24 7502.56 
7499.64 7498.25 7496.94 7495.71 7494.59 7493.58 7492.7 7491.99 7491.46 7491.13 7491.02 7491.13 7491.46 7491.99 7492.7 7493.58 7494.59 7495.71 7496.94 7498.25 7499.64 7501.11 7502.65 7504.24 7505.87 7507.51 7509.1 7510.58 7511.87 7512.88 7513.53 7513.75 7513.53 7512.88 7511.87 7510.58 7509.1 7507.51 7505.87 7504.24 7502.65 7501.11 
7498.25 7496.85 7495.5 7494.19 7492.96 7491.82 7490.81 7489.97 7489.33 7488.94 7488.8 7488.94 7489.33 7489.97 7490.81 7491.82 7492.96 7494.19 7495.5 7496.85 7498.25 7499.67 7501.11 7502.56 7503.99 7505.39 7506.72 7507.92 7508.95 7509.74 7510.24 7510.41 7510.24 7509.74 7508.95 7507.92 7506.72 7505.39 7503.99 7502.56 7501.11 7499.67 
