7496.13 7494 7491.89 7489.82 7487.85 7486.01 7484.36 7482.99 7481.94 7481.28 7481.06 7481.28 7481.94 7482.99 7484.36 7486.01 7487.85 7489.82 7491.89 7494 7496.13 7498.24 7500.32 7502.34 7504.26 7506.07 7507.71 7509.15 7510.34 7511.23 7511.78 7511.97 7511.78 7511.23 7510.34 7509.15 7507.71 7506.07 7504.26 7502.34 7500.32 7498.24 
7494 7491.77 7489.51 7487.24 7485.02 7482.91 7480.98 7479.33 7478.05 7477.25 7476.97 7477.25 7478.05 7479.33 7480.98 7482.91 7485.02 7487.24 7489.51 7491.77 7494 7496.17 7498.24 7500.21 7502.06 7503.75 7505.26 7506.56 7507.61 7508.39 7508.87 7509.04 7508.87 7508.39 7507.61 7506.56 7505.26 7503.75 7502.06 7500.21 7498.24 7496.17 
7491.89 7489.51 7487.03 7484.49 7481.94 7479.46 7477.14 7475.11 7473.51 7472.48 7472.12 7472.48 7473.51 7475.11 7477.14 7479.46 7481.94 7484.49 7487.03 7489.51 7491.89 7494.15 7496.27 7498.24 7500.05 7501.67 7503.1 7504.3 7505.27 7505.98 7506.41 7506.56 7506.41 7505.98 7505.27 7504.3 7503.1 7501.67 7500.05 7498.24 7496.27 7494.15 
7489.82 7487.24 7484.49 7481.6 7478.63 7475.66 7472.81 7470.25 7468.17 7466.8 7466.32 7466.8 7468.17 7470.25 7472.81 7475.66 7478.63 7481.6 7484.49 7487.24 7489.82 7492.22 7494.43 7496.44 7498.24 7499.84 7501.22 7502.37 7503.28 7503.94 7504.34 7504.47 7504.34 7503.94 7503.28 7502.37 7501.22 7499.84 7498.24 7496.44 7494.43 7492.22 
7487.85 7485.02 7481.94 7478.63 7475.14 7471.54 7467.98 7464.66 7461.88 7459.99 7459.32 7459.99 7461.88 7464.66 7467.98 7471.54 7475.14 7478.63 7481.94 7485.02 7487.85 7490.42 7492.74 7494.82 7496.65 7498.24 7499.6 7500.72 7501.6 7502.23 7502.61 7502.74 7502.61 7502.23 7501.6 7500.72 7499.6 7498.24 7496.65 7494.82 7492.74 7490.42 
7486.01 7482.91 7479.46 7475.66 7471.54 7467.16 7462.65 7458.27 7454.43 7451.7 7450.69 7451.7 7454.43 7458.27 7462.65 7467.16 7471.54 7475.66 7479.46 7482.91 7486.01 7488.78 7491.23 7493.39 7495.27 7496.89 7498.25 7499.35 7500.21 7500.83 7501.2 7501.32 7501.2 7500.83 7500.21 7499.35 7498.25 7496.89 7495.27 7493.39 7491.23 7488.78 
7484.36 7480.98 7477.14 7472.81 7467.98 7462.65 7456.93 7451.07 7445.6 7441.41 7439.73 7441.41 7445.6 7451.07 7456.93 7462.65 7467.98 7472.81 7477.14 7480.98 7484.36 7487.34 7489.93 7492.19 7494.12 7495.77 7497.14 7498.25 7499.1 7499.71 7500.07 7500.19 7500.07 7499.71 7499.1 7498.25 7497.14 7495.77 7494.12 7492.19 7489.93 7487.34 
7482.99 7479.33 7475.11 7470.25 7464.66 7458.27 7451.07 7443.2 7435.17 7428.3 7425.1 7428.3 7435.17 7443.2 7451.07 7458.27 7464.66 7470.25 7475.11 7479.33 7482.99 7486.15 7488.88 7491.22 7493.21 7494.89 7496.28 7497.39 7498.25 7498.85 7499.21 7499.33 7499.21 7498.85 7498.25 7497.39 7496.28 7494.89 7493.21 7491.22 7488.88 7486.15 
7481.94 7478.05 7473.51 7468.17 7461.88 7454.43 7445.6 7435.17 7423.27 7411.22 7403.74 7411.22 7423.27 7435.17 7445.6 7454.43 7461.88 7468.17 7473.51 7478.05 7481.94 7485.26 7488.1 7490.51 7492.55 7494.26 7495.66 7496.79 7497.64 7498.25 7498.61 7498.72 7498.61 7498.25 7497.64 7496.79 7495.66 7494.26 7492.55 7490.51 7488.1 7485.26 
7481.28 7477.25 7472.48 7466.8 7459.99 7451.7 7441.41 7428.3 7411.22 7389.24 7367.1 7389.24 7411.22 7428.3 7441.41 7451.7 7459.99 7466.8 7472.48 7477.25 7481.28 7484.71 7487.62 7490.08 7492.15 7493.88 7495.3 7496.42 7497.28 7497.89 7498.25 7498.37 7498.25 7497.89 7497.28 7496.42 7495.3 7493.88 7492.15 7490.08 7487.62 7484.71 
7481.06 7476.97 7472.12 7466.32 7459.32 7450.69 7439.73 7425.1 7403.74 7367.1 7285.97 7367.1 7403.74 7425.1 7439.73 7450.69 7459.32 7466.32 7472.12 7476.97 7481.06 7484.52 7487.45 7489.93 7492.02 7493.75 7495.17 7496.3 7497.16 7497.77 7498.13 7498.25 7498.13 7497.77 7497.16 7496.3 7495.17 7493.75 7492.02 7489.93 7487.45 7484.52 
7481.28 7477.25 7472.48 7466.8 7459.99 7451.7 7441.41 7428.3 7411.22 7389.24 7367.1 7389.24 7411.22 7428.3 7441.41 7451.7 7459.99 7466.8 7472.48 7477.25 7481.28 7484.71 7487.62 7490.08 7492.15 7493.88 7495.3 7496.42 7497.28 7497.89 7498.25 7498.37 7498.25 7497.89 7497.28 7496.42 7495.3 7493.88 7492.15 7490.08 7487.62 7484.71 
7481.94 7478.05 7473.51 7468.17 7461.88 7454.43 7445.6 7435.17 7423.27 7411.22 7403.74 7411.22 7423.27 7435.17 7445.6 7454.43 7461.88 7468.17 7473.51 7478.05 7481.94 7485.26 7488.1 7490.51 7492.55 7494.26 7495.66 7496.79 7497.64 7498.25 7498.61 7498.72 7498.61 7498.25 7497.64 7496.79 7495.66 7494.26 7492.55 7490.51 7488.1 7485.26 
7482.99 7479.33 7475.11 7470.25 7464.66 7458.27 7451.07 7443.2 7435.17 7428.3 7425.1 7428.3 7435.17 7443.2 7451.07 7458.27 7464.66 7470.25 7475.11 7479.33 7482.99 7486.15 7488.88 7491.22 7493.21 7494.89 7496.28 7497.39 7498.25 7498.85 7499.21 7499.33 7499.21 7498.85 7498.25 7497.39 7496.28 7494.89 7493.21 7491.22 7488.88 7486.15 
7484.36 7480.98 7477.14 7472.81 7467.98 7462.65 7456.93 7451.07 7445.6 7441.41 7439.73 7441.41 7445.6 7451.07 7456.93 7462.65 7467.98 7472.81 7477.14 7480.98 7484.36 7487.34 7489.93 7492.19 7494.12 7495.77 7497.14 7498.25 7499.1 7499.71 7500.07 7500.19 7500.07 7499.71 7499.1 7498.25 7497.14 7495.77 7494.12 7492.19 7489.93 7487.34 
7486.01 7482.91 7479.46 7475.66 7471.54 7467.16 7462.65 7458.27 7454.43 7451.7 7450.69 7451.7 7454.43 7458.27 7462.65 7467.16 7471.54 7475.66 7479.46 7482.91 7486.01 7488.78 7491.23 7493.39 7495.27 7496.89 7498.25 7499.35 7500.21 7500.83 7501.2 7501.32 7501.2 7500.83 7500.21 7499.35 7498.25 7496.89 7495.27 7493.39 7491.23 7488.78 
7487.85 7485.02 7481.94 7478.63 7475.14 7471.54 7467.98 7464.66 7461.88 7459.99 7459.32 7459.99 7461.88 7464.66 7467.98 7471.54 7475.14 7478.63 7481.94 7485.02 7487.85 7490.42 7492.74 7494.82 7496.65 7498.24 7499.6 7500.72 7501.6 7502.23 7502.61 7502.74 7502.61 7502.23 7501.6 7500.72 7499.6 7498.24 7496.65 7494.82 7492.74 7490.42 
7489.82 7487.24 7484.49 7481.6 7478.63 7475.66 7472.81 7470.25 7468.17 7466.8 7466.32 7466.8 7468.17 7470.25 7472.81 7475.66 7478.63 7481.6 7484.49 7487.24 7489.82 7492.22 7494.43 7496.44 7498.24 7499.84 7501.22 7502.37 7503.28 7503.94 7504.34 7504.47 7504.34 7503.94 7503.28 7502.37 7501.22 7499.84 7498.24 7496.44 7494.43 7492.22 
7491.89 7489.51 7487.03 7484.49 7481.94 7479.46 7477.14 7475.11 7473.51 7472.48 7472.12 7472.48 7473.51 7475.11 7477.14 7479.46 7481.94 7484.49 7487.03 7489.51 7491.89 7494.15 7496.27 7498.24 7500.05 7501.67 7503.1 7504.3 7505.27 7505.98 7506.41 7506.56 7506.41 7505.98 7505.27 7504.3 7503.1 7501.67 7500.05 7498.24 7496.27 7494.15 
7494 7491.77 7489.51 7487.24 7485.02 7482.91 7480.98 7479.33 7478.05 7477.25 7476.97 7477.25 7478.05 7479.33 7480.98 7482.91 7485.02 7487.24 7489.51 7491.77 7494 7496.17 7498.24 7500.21 7502.06 7503.75 7505.26 7506.56 7507.61 7508.39 7508.87 7509.04 7508.87 7508.39 7507.61 7506.56 7505.26 7503.75 7502.06 7500.21 7498.24 7496.17 
7496.13 7494 7491.89 7489.82 7487.85 7486.01 7484.36 7482.99 7481.94 7481.28 7481.06 7481.28 7481.94 7482.99 7484.36 7486.01 7487.85 7489.82 7491.89 7494 7496.13 7498.24 7500.32 7502.34 7504.26 7506.07 7507.71 7509.15 7510.34 7511.23 7511.78 7511.97 7511.78 7511.23 7510.34 7509.15 7507.71 7506.07 7504.26 7502.34 7500.32 7498.24 
7498.24 7496.17 7494.15 7492.22 7490.42 7488.78 7487.34 7486.15 7485.26 7484.71 7484.52 7484.71 7485.26 7486.15 7487.34 7488.78 7490.42 7492.22 7494.15 7496.17 7498.24 7500.36 7502.49 7504.6 7506.66 7508.64 7510.48 7512.12 7513.5 7514.55 7515.21 7515.43 7515.21 7514.55 7513.5 7512.12 7510.48 7508.64 7506.66 7504.6 7502.49 7500.36 
7500.32 7498.24 7496.27 7494.43 7492.74 7491.23 7489.93 7488.88 7488.1 7487.62 7487.45 7487.62 7488.1 7488.88 7489.93 7491.23 7492.74 7494.43 7496.27 7498.24 7500.32 7502.49 7504.71 7506.98 7509.25 7511.47 7513.58 7515.51 7517.16 7518.44 7519.25 7519.52 7519.25 7518.44 7517.16 7515.51 7513.58 7511.47 7509.25 7506.98 7504.71 7502.49 
7502.34 7500.21 7498.24 7496.44 7494.82 7493.39 7492.19 7491.22 7490.51 7490.08 7489.93 7490.08 7490.51 7491.22 7492.19 7493.39 7494.82 7496.44 7498.24 7500.21 7502.34 7504.6 7506.98 7509.46 7512 7514.55 7517.03 7519.35 7521.38 7522.99 7524.02 7524.38 7524.02 7522.99 7521.38 7519.35 7517.03 7514.55 7512 7509.46 7506.98 7504.6 
7504.26 7502.06 7500.05 7498.24 7496.65 7495.27 7494.12 7493.21 7492.55 7492.15 7492.02 7492.15 7492.55 7493.21 7494.12 7495.27 7496.65 7498.24 7500.05 7502.06 7504.26 7506.66 7509.25 7512 7514.88 7517.86 7520.83 7523.68 7526.25 7528.33 7529.7 7530.18 7529.7 7528.33 7526.25 7523.68 7520.83 7517.86 7514.88 7512 7509.25 7506.66 
7506.07 7503.75 7501.67 7499.84 7498.24 7496.89 7495.77 7494.89 7494.26 7493.88 7493.75 7493.88 7494.26 7494.89 7495.77 7496.89 7498.24 7499.84 7501.67 7503.75 7506.07 7508.64 7511.47 7514.55 7517.86 7521.35 7524.95 7528.52 7531.85 7534.63 7536.52 7537.19 7536.52 7534.63 7531.85 7528.52 7524.95 7521.35 7517.86 7514.55 7511.47 7508.64 
7507.71 7505.26 7503.1 7501.22 7499.6 7498.25 7497.14 7496.28 7495.66 7495.3 7495.17 7495.3 7495.66 7496.28 7497.14 7498.25 7499.6 7501.22 7503.1 7505.26 7507.71 7510.48 7513.58 7517.03 7520.83 7524.95 7529.34 7533.86 7538.24 7542.09 7544.82 7545.84 7544.82 7542.09 7538.24 7533.86 7529.34 7524.95 7520.83 7517.03 7513.58 7510.48 
7509.15 7506.56 7504.3 7502.37 7500.72 7499.35 7498.25 7497.39 7496.79 7496.42 7496.3 7496.42 7496.79 7497.39 7498.25 7499.35 7500.72 7502.37 7504.3 7506.56 7509.15 7512.12 7515.51 7519.35 7523.68 7528.52 7533.86 7539.59 7545.46 7550.95 7555.15 7556.83 7555.15 7550.95 7545.46 7539.59 7533.86 7528.52 7523.68 7519.35 7515.51 7512.12 
7510.34 7507.61 7505.27 7503.28 7501.6 7500.21 7499.1 7498.25 7497.64 7497.28 7497.16 7497.28 7497.64 7498.25 7499.1 7500.21 7501.6 7503.28 7505.27 7507.61 7510.34 7513.5 7517.16 7521.38 7526.25 7531.85 7538.24 7545.46 7553.35 7561.41 7568.3 7571.52 7568.3 7561.41 7553.35 7545.46 7538.24 7531.85 7526.25 7521.38 7517.16 7513.5 
7511.23 7508.39 7505.98 7503.94 7502.23 7500.83 7499.71 7498.85 7498.25 7497.89 7497.77 7497.89 7498.25 7498.85 7499.71 7500.83 7502.23 7503.94 7505.98 7508.39 7511.23 7514.55 7518.44 7522.99 7528.33 7534.63 7542.09 7550.95 7561.41 7573.35 7585.46 7592.98 7585.46 7573.35 7561.41 7550.95 7542.09 7534.63 7528.33 7522.99 7518.44 7514.55 
7511.78 7508.87 7506.41 7504.34 7502.61 7501.2 7500.07 7499.21 7498.61 7498.25 7498.13 7498.25 7498.61 7499.21 7500.07 7501.2 7502.61 7504.34 7506.41 7508.87 7511.78 7515.21 7519.25 7524.02 7529.7 7536.52 7544.82 7555.15 7568.3 7585.46 7607.56 7629.85 7607.56 7585.46 7568.3 7555.15 7544.82 7536.52 7529.7 7524.02 7519.25 7515.21 
7511.97 7509.04 7506.56 7504.47 7502.74 7501.32 7500.19 7499.33 7498.72 7498.37 7498.25 7498.37 7498.72 7499.33 7500.19 7501.32 7502.74 7504.47 7506.56 7509.04 7511.97 7515.43 7519.52 7524.38 7530.18 7537.19 7545.84 7556.83 7571.52 7592.98 7629.85 7711.79 7629.85 7592.98 7571.52 7556.83 7545.84 7537.19 7530.18 7524.38 7519.52 7515.43 
7511.78 7508.87 7506.41 7504.34 7502.61 7501.2 7500.07 7499.21 7498.61 7498.25 7498.13 7498.25 7498.61 7499.21 7500.07 7501.2 7502.61 7504.34 7506.41 7508.87 7511.78 7515.21 7519.25 7524.02 7529.7 7536.52 7544.82 7555.15 7568.3 7585.46 7607.56 7629.85 7607.56 7585.46 7568.3 7555.15 7544.82 7536.52 7529.7 7524.02 7519.25 7515.21 
7511.23 7508.39 7505.98 7503.94 7502.23 7500.83 7499.71 7498.85 7498.25 7497.89 7497.77 7497.89 7498.25 7498.85 7499.71 7500.83 7502.23 7503.94 7505.98 7508.39 7511.23 7514.55 7518.44 7522.99 7528.33 7534.63 7542.09 7550.95 7561.41 7573.35 7585.46 7592.98 7585.46 7573.35 7561.41 7550.95 7542.09 7534.63 7528.33 7522.99 7518.44 7514.55 
7510.34 7507.61 7505.27 7503.28 7501.6 7500.21 7499.1 7498.25 7497.64 7497.28 7497.16 7497.28 7497.64 7498.25 7499.1 7500.21 7501.6 7503.28 7505.27 7507.61 7510.34 7513.5 7517.16 7521.38 7526.25 7531.85 7538.24 7545.46 7553.35 7561.41 7568.3 7571.52 7568.3 7561.41 7553.35 7545.46 7538.24 7531.85 7526.25 7521.38 7517.16 7513.5 
7509.15 7506.56 7504.3 7502.37 7500.72 7499.35 7498.25 7497.39 7496.79 7496.42 7496.3 7496.42 7496.79 7497.39 7498.25 7499.35 7500.72 7502.37 7504.3 7506.56 7509.15 7512.12 7515.51 7519.35 7523.68 7528.52 7533.86 7539.59 7545.46 7550.95 7555.15 7556.83 7555.15 7550.95 7545.46 7539.59 7533.86 7528.52 7523.68 7519.35 7515.51 7512.12 
7507.71 7505.26 7503.1 7501.22 7499.6 7498.25 7497.14 7496.28 7495.66 7495.3 7495.17 7495.3 7495.66 7496.28 7497.14 7498.25 7499.6 7501.22 7503.1 7505.26 7507.71 7510.48 7513.58 7517.03 7520.83 7524.95 7529.34 7533.86 7538.24 7542.09 7544.82 7545.84 7544.82 7542.09 7538.24 7533.86 7529.34 7524.95 7520.83 7517.03 7513.58 7510.48 
7506.07 7503.75 7501.67 7499.84 7498.24 7496.89 7495.77 7494.89 7494.26 7493.88 7493.75 7493.88 7494.26 7494.89 7495.77 7496.89 7498.24 7499.84 7501.67 7503.75 7506.07 7508.64 7511.47 7514.55 7517.86 7521.35 7524.95 7528.52 7531.85 7534.63 7536.52 7537.19 7536.52 7534.63 7531.85 7528.52 7524.95 7521.35 7517.86 7514.55 7511.47 7508.64 
7504.26 7502.06 7500.05 7498.24 7496.65 7495.27 7494.12 7493.21 7492.55 7492.15 7492.02 7492.15 7492.55 7493.21 7494.12 7495.27 7496.65 7498.24 7500.05 7502.06 7504.26 7506.66 7509.25 7512 7514.88 7517.86 7520.83 7523.68 7526.25 7528.33 7529.7 7530.18 7529.7 7528.33 7526.25 7523.68 7520.83 7517.86 7514.88 7512 7509.25 7506.66 
7502.34 7500.21 7498.24 7496.44 7494.82 7493.39 7492.19 7491.22 7490.51 7490.08 7489.93 7490.08 7490.51 7491.22 7492.19 7493.39 7494.82 7496.44 7498.24 7500.21 7502.34 7504.6 7506.98 7509.46 7512 7514.55 7517.03 7519.35 7521.38 7522.99 7524.02 7524.38 7524.02 7522.99 7521.38 7519.35 7517.03 7514.55 7512 7509.46 7506.98 7504.6 
7500.32 7498.24 7496.27 7494.43 7492.74 7491.23 7489.93 7488.88 7488.1 7487.62 7487.45 7487.62 7488.1 7488.88 7489.93 7491.23 7492.74 7494.43 7496.27 7498.24 7500.32 7502.49 7504.71 7506.98 7509.25 7511.47 7513.58 7515.51 7517.16 7518.44 7519.25 7519.52 7519.25 7518.44 7517.16 7515.51 7513.58 7511.47 7509.25 7506.98 7504.71 7502.49 
7498.24 7496.17 7494.15 7492.22 7490.42 7488.78 7487.34 7486.15 7485.26 7484.71 7484.52 7484.71 7485.26 7486.15 7487.34 7488.78 7490.42 7492.22 7494.15 7496.17 7498.24 7500.36 7502.49 7504.6 7506.66 7508.64 7510.48 7512.12 7513.5 7514.55 7515.21 7515.43 7515.21 7514.55 7513.5 7512.12 7510.48 7508.64 7506.66 7504.6 7502.49 7500.36 
