7495.13 7492.02 7488.95 7485.99 7483.19 7480.63 7478.36 7476.49 7475.08 7474.2 7473.9 7474.2 7475.08 7476.49 7478.36 7480.63 7483.19 7485.99 7488.95 7492.02 7495.13 7498.24 7501.3 7504.26 7507.08 7509.71 7512.08 7514.14 7515.83 7517.08 7517.86 7518.12 7517.86 7517.08 7515.83 7514.14 7512.08 7509.71 7507.08 7504.26 7501.3 7498.24 
7492.02 7488.8 7485.59 7482.43 7479.38 7476.54 7473.99 7471.84 7470.21 7469.18 7468.82 7469.18 7470.21 7471.84 7473.99 7476.54 7479.38 7482.43 7485.59 7488.8 7492.02 7495.17 7498.24 7501.16 7503.89 7506.4 7508.64 7510.56 7512.11 7513.26 7513.96 7514.19 7513.96 7513.26 7512.11 7510.56 7508.64 7506.4 7503.89 7501.16 7498.24 7495.17 
7488.95 7485.59 7482.16 7478.72 7475.35 7472.14 7469.2 7466.67 7464.7 7463.45 7463.02 7463.45 7464.7 7466.67 7469.2 7472.14 7475.35 7478.72 7482.16 7485.59 7488.95 7492.21 7495.32 7498.24 7500.94 7503.38 7505.53 7507.36 7508.82 7509.89 7510.54 7510.76 7510.54 7509.89 7508.82 7507.36 7505.53 7503.38 7500.94 7498.24 7495.32 7492.21 
7485.99 7482.43 7478.72 7474.94 7471.14 7467.44 7463.97 7460.9 7458.46 7456.87 7456.32 7456.87 7458.46 7460.9 7463.97 7467.44 7471.14 7474.94 7478.72 7482.43 7485.99 7489.39 7492.58 7495.54 7498.24 7500.65 7502.75 7504.52 7505.93 7506.95 7507.57 7507.78 7507.57 7506.95 7505.93 7504.52 7502.75 7500.65 7498.24 7495.54 7492.58 7489.39 
7483.19 7479.38 7475.35 7471.14 7466.83 7462.49 7458.31 7454.49 7451.34 7449.24 7448.48 7449.24 7451.34 7454.49 7458.31 7462.49 7466.83 7471.14 7475.35 7479.38 7483.19 7486.76 7490.07 7493.09 7495.82 7498.24 7500.32 7502.06 7503.43 7504.42 7505.02 7505.22 7505.02 7504.42 7503.43 7502.06 7500.32 7498.24 7495.82 7493.09 7490.07 7486.76 
7480.63 7476.54 7472.14 7467.44 7462.49 7457.38 7452.24 7447.37 7443.16 7440.21 7439.12 7440.21 7443.16 7447.37 7452.24 7457.38 7462.49 7467.44 7472.14 7476.54 7480.63 7484.39 7487.83 7490.94 7493.72 7496.15 7498.24 7499.96 7501.32 7502.29 7502.88 7503.08 7502.88 7502.29 7501.32 7499.96 7498.24 7496.15 7493.72 7490.94 7487.83 7484.39 
7478.36 7473.99 7469.2 7463.97 7458.31 7452.24 7445.9 7439.54 7433.7 7429.29 7427.53 7429.29 7433.7 7439.54 7445.9 7452.24 7458.31 7463.97 7469.2 7473.99 7478.36 7482.33 7485.92 7489.12 7491.95 7494.42 7496.51 7498.24 7499.58 7500.55 7501.13 7501.33 7501.13 7500.55 7499.58 7498.24 7496.51 7494.42 7491.95 7489.12 7485.92 7482.33 
7476.49 7471.84 7466.67 7460.9 7454.49 7447.37 7439.54 7431.16 7422.77 7415.68 7412.4 7415.68 7422.77 7431.16 7439.54 7447.37 7454.49 7460.9 7466.67 7471.84 7476.49 7480.65 7484.36 7487.66 7490.55 7493.04 7495.16 7496.89 7498.24 7499.2 7499.78 7499.97 7499.78 7499.2 7498.24 7496.89 7495.16 7493.04 7490.55 7487.66 7484.36 7480.65 
7475.08 7470.21 7464.7 7458.46 7451.34 7443.16 7433.7 7422.77 7410.51 7398.23 7390.68 7398.23 7410.51 7422.77 7433.7 7443.16 7451.34 7458.46 7464.7 7470.21 7475.08 7479.4 7483.22 7486.59 7489.53 7492.05 7494.18 7495.92 7497.27 7498.24 7498.82 7499.01 7498.82 7498.24 7497.27 7495.92 7494.18 7492.05 7489.53 7486.59 7483.22 7479.4 
7474.2 7469.18 7463.45 7456.87 7449.24 7440.21 7429.29 7415.68 7398.23 7376.04 7353.84 7376.04 7398.23 7415.68 7429.29 7440.21 7449.24 7456.87 7463.45 7469.18 7474.2 7478.62 7482.52 7485.93 7488.9 7491.45 7493.59 7495.34 7496.69 7497.66 7498.24 7498.43 7498.24 7497.66 7496.69 7495.34 7493.59 7491.45 7488.9 7485.93 7482.52 7478.62 
7473.9 7468.82 7463.02 7456.32 7448.48 7439.12 7427.53 7412.4 7390.68 7353.84 7272.66 7353.84 7390.68 7412.4 7427.53 7439.12 7448.48 7456.32 7463.02 7468.82 7473.9 7478.36 7482.28 7485.72 7488.7 7491.25 7493.4 7495.14 7496.5 7497.46 7498.04 7498.24 7498.04 7497.46 7496.5 7495.14 7493.4 7491.25 7488.7 7485.72 7482.28 7478.36 
7474.2 7469.18 7463.45 7456.87 7449.24 7440.21 7429.29 7415.68 7398.23 7376.04 7353.84 7376.04 7398.23 7415.68 7429.29 7440.21 7449.24 7456.87 7463.45 7469.18 7474.2 7478.62 7482.52 7485.93 7488.9 7491.45 7493.59 7495.34 7496.69 7497.66 7498.24 7498.43 7498.24 7497.66 7496.69 7495.34 7493.59 7491.45 7488.9 7485.93 7482.52 7478.62 
7475.08 7470.21 7464.7 7458.46 7451.34 7443.16 7433.7 7422.77 7410.51 7398.23 7390.68 7398.23 7410.51 7422.77 7433.7 7443.16 7451.34 7458.46 7464.7 7470.21 7475.08 7479.4 7483.22 7486.59 7489.53 7492.05 7494.18 7495.92 7497.27 7498.24 7498.82 7499.01 7498.82 7498.24 7497.27 7495.92 7494.18 7492.05 7489.53 7486.59 7483.22 7479.4 
7476.49 7471.84 7466.67 7460.9 7454.49 7447.37 7439.54 7431.16 7422.77 7415.68 7412.4 7415.68 7422.77 7431.16 7439.54 7447.37 7454.49 7460.9 7466.67 7471.84 7476.49 7480.65 7484.36 7487.66 7490.55 7493.04 7495.16 7496.89 7498.24 7499.2 7499.78 7499.97 7499.78 7499.2 7498.24 7496.89 7495.16 7493.04 7490.55 7487.66 7484.36 7480.65 
7478.36 7473.99 7469.2 7463.97 7458.31 7452.24 7445.9 7439.54 7433.7 7429.29 7427.53 7429.29 7433.7 7439.54 7445.9 7452.24 7458.31 7463.97 7469.2 7473.99 7478.36 7482.33 7485.92 7489.12 7491.95 7494.42 7496.51 7498.24 7499.58 7500.55 7501.13 7501.33 7501.13 7500.55 7499.58 7498.24 7496.51 7494.42 7491.95 7489.12 7485.92 7482.33 
7480.63 7476.54 7472.14 7467.44 7462.49 7457.38 7452.24 7447.37 7443.16 7440.21 7439.12 7440.21 7443.16 7447.37 7452.24 7457.38 7462.49 7467.44 7472.14 7476.54 7480.63 7484.39 7487.83 7490.94 7493.72 7496.15 7498.24 7499.96 7501.32 7502.29 7502.88 7503.08 7502.88 7502.29 7501.32 7499.96 7498.24 7496.15 7493.72 7490.94 7487.83 7484.39 
7483.19 7479.38 7475.35 7471.14 7466.83 7462.49 7458.31 7454.49 7451.34 7449.24 7448.48 7449.24 7451.34 7454.49 7458.31 7462.49 7466.83 7471.14 7475.35 7479.38 7483.19 7486.76 7490.07 7493.09 7495.82 7498.24 7500.32 7502.06 7503.43 7504.42 7505.02 7505.22 7505.02 7504.42 7503.43 7502.06 7500.32 7498.24 7495.82 7493.09 7490.07 7486.76 
7485.99 7482.43 7478.72 7474.94 7471.14 7467.44 7463.97 7460.9 7458.46 7456.87 7456.32 7456.87 7458.46 7460.9 7463.97 7467.44 7471.14 7474.94 7478.72 7482.43 7485.99 7489.39 7492.58 7495.54 7498.24 7500.65 7502.75 7504.52 7505.93 7506.95 7507.57 7507.78 7507.57 7506.95 7505.93 7504.52 7502.75 7500.65 7498.24 7495.54 7492.58 7489.39 
7488.95 7485.59 7482.16 7478.72 7475.35 7472.14 7469.2 7466.67 7464.7 7463.45 7463.02 7463.45 7464.7 7466.67 7469.2 7472.14 7475.35 7478.72 7482.16 7485.59 7488.95 7492.21 7495.32 7498.24 7500.94 7503.38 7505.53 7507.36 7508.82 7509.89 7510.54 7510.76 7510.54 7509.89 7508.82 7507.36 7505.53 7503.38 7500.94 7498.24 7495.32 7492.21 
7492.02 7488.8 7485.59 7482.43 7479.38 7476.54 7473.99 7471.84 7470.21 7469.18 7468.82 7469.18 7470.21 7471.84 7473.99 7476.54 7479.38 7482.43 7485.59 7488.8 7492.02 7495.17 7498.24 7501.16 7503.89 7506.4 7508.64 7510.56 7512.11 7513.26 7513.96 7514.19 7513.96 7513.26 7512.11 7510.56 7508.64 7506.4 7503.89 7501.16 7498.24 7495.17 
7495.13 7492.02 7488.95 7485.99 7483.19 7480.63 7478.36 7476.49 7475.08 7474.2 7473.9 7474.2 7475.08 7476.49 7478.36 7480.63 7483.19 7485.99 7488.95 7492.02 7495.13 7498.24 7501.3 7504.26 7507.08 7509.71 7512.08 7514.14 7515.83 7517.08 7517.86 7518.12 7517.86 7517.08 7515.83 7514.14 7512.08 7509.71 7507.08 7504.26 7501.3 7498.24 
7498.24 7495.17 7492.21 7489.39 7486.76 7484.39 7482.33 7480.65 7479.4 7478.62 7478.36 7478.62 7479.4 7480.65 7482.33 7484.39 7486.76 7489.39 7492.21 7495.17 7498.24 7501.34 7504.46 7507.52 7510.48 7513.28 7515.85 7518.12 7519.99 7521.41 7522.29 7522.58 7522.29 7521.41 7519.99 7518.12 7515.85 7513.28 7510.48 7507.52 7504.46 7501.34 
7501.3 7498.24 7495.32 7492.58 7490.07 7487.83 7485.92 7484.36 7483.22 7482.52 7482.28 7482.52 7483.22 7484.36 7485.92 7487.83 7490.07 7492.58 7495.32 7498.24 7501.3 7504.46 7507.67 7510.89 7514.05 7517.1 7519.94 7522.5 7524.65 7526.29 7527.32 7527.67 7527.32 7526.29 7524.65 7522.5 7519.94 7517.1 7514.05 7510.89 7507.67 7504.46 
7504.26 7501.16 7498.24 7495.54 7493.09 7490.94 7489.12 7487.66 7486.59 7485.93 7485.72 7485.93 7486.59 7487.66 7489.12 7490.94 7493.09 7495.54 7498.24 7501.16 7504.26 7507.52 7510.89 7514.32 7517.76 7521.13 7524.35 7527.3 7529.83 7531.8 7533.06 7533.49 7533.06 7531.8 7529.83 7527.3 7524.35 7521.13 7517.76 7514.32 7510.89 7507.52 
7507.08 7503.89 7500.94 7498.24 7495.82 7493.72 7491.95 7490.55 7489.53 7488.9 7488.7 7488.9 7489.53 7490.55 7491.95 7493.72 7495.82 7498.24 7500.94 7503.89 7507.08 7510.48 7514.05 7517.76 7521.55 7525.35 7529.05 7532.53 7535.61 7538.05 7539.64 7540.2 7539.64 7538.05 7535.61 7532.53 7529.05 7525.35 7521.55 7517.76 7514.05 7510.48 
7509.71 7506.4 7503.38 7500.65 7498.24 7496.15 7494.42 7493.04 7492.05 7491.45 7491.25 7491.45 7492.05 7493.04 7494.42 7496.15 7498.24 7500.65 7503.38 7506.4 7509.71 7513.28 7517.1 7521.13 7525.35 7529.67 7534.01 7538.21 7542.04 7545.19 7547.3 7548.06 7547.3 7545.19 7542.04 7538.21 7534.01 7529.67 7525.35 7521.13 7517.1 7513.28 
7512.08 7508.64 7505.53 7502.75 7500.32 7498.24 7496.51 7495.16 7494.18 7493.59 7493.4 7493.59 7494.18 7495.16 7496.51 7498.24 7500.32 7502.75 7505.53 7508.64 7512.08 7515.85 7519.94 7524.35 7529.05 7534.01 7539.14 7544.28 7549.18 7553.39 7556.36 7557.45 7556.36 7553.39 7549.18 7544.28 7539.14 7534.01 7529.05 7524.35 7519.94 7515.85 
7514.14 7510.56 7507.36 7504.52 7502.06 7499.96 7498.24 7496.89 7495.92 7495.34 7495.14 7495.34 7495.92 7496.89 7498.24 7499.96 7502.06 7504.52 7507.36 7510.56 7514.14 7518.12 7522.5 7527.3 7532.53 7538.21 7544.28 7550.65 7557.03 7562.89 7567.32 7569.08 7567.32 7562.89 7557.03 7550.65 7544.28 7538.21 7532.53 7527.3 7522.5 7518.12 
7515.83 7512.11 7508.82 7505.93 7503.43 7501.32 7499.58 7498.24 7497.27 7496.69 7496.5 7496.69 7497.27 7498.24 7499.58 7501.32 7503.43 7505.93 7508.82 7512.11 7515.83 7519.99 7524.65 7529.83 7535.61 7542.04 7549.18 7557.03 7565.43 7573.86 7580.98 7584.28 7580.98 7573.86 7565.43 7557.03 7549.18 7542.04 7535.61 7529.83 7524.65 7519.99 
7517.08 7513.26 7509.89 7506.95 7504.42 7502.29 7500.55 7499.2 7498.24 7497.66 7497.46 7497.66 7498.24 7499.2 7500.55 7502.29 7504.42 7506.95 7509.89 7513.26 7517.08 7521.41 7526.29 7531.8 7538.05 7545.19 7553.39 7562.89 7573.86 7586.18 7598.52 7606.12 7598.52 7586.18 7573.86 7562.89 7553.39 7545.19 7538.05 7531.8 7526.29 7521.41 
7517.86 7513.96 7510.54 7507.57 7505.02 7502.88 7501.13 7499.78 7498.82 7498.24 7498.04 7498.24 7498.82 7499.78 7501.13 7502.88 7505.02 7507.57 7510.54 7513.96 7517.86 7522.29 7527.32 7533.06 7539.64 7547.3 7556.36 7567.32 7580.98 7598.52 7620.86 7643.24 7620.86 7598.52 7580.98 7567.32 7556.36 7547.3 7539.64 7533.06 7527.32 7522.29 
7518.12 7514.19 7510.76 7507.78 7505.22 7503.08 7501.33 7499.97 7499.01 7498.43 7498.24 7498.43 7499.01 7499.97 7501.33 7503.08 7505.22 7507.78 7510.76 7514.19 7518.12 7522.58 7527.67 7533.49 7540.2 7548.06 7557.45 7569.08 7584.28 7606.12 7643.24 7725.29 7643.24 7606.12 7584.28 7569.08 7557.45 7548.06 7540.2 7533.49 7527.67 7522.58 
7517.86 7513.96 7510.54 7507.57 7505.02 7502.88 7501.13 7499.78 7498.82 7498.24 7498.04 7498.24 7498.82 7499.78 7501.13 7502.88 7505.02 7507.57 7510.54 7513.96 7517.86 7522.29 7527.32 7533.06 7539.64 7547.3 7556.36 7567.32 7580.98 7598.52 7620.86 7643.24 7620.86 7598.52 7580.98 7567.32 7556.36 7547.3 7539.64 7533.06 7527.32 7522.29 
7517.08 7513.26 7509.89 7506.95 7504.42 7502.29 7500.55 7499.2 7498.24 7497.66 7497.46 7497.66 7498.24 7499.2 7500.55 7502.29 7504.42 7506.95 7509.89 7513.26 7517.08 7521.41 7526.29 7531.8 7538.05 7545.19 7553.39 7562.89 7573.86 7586.18 7598.52 7606.12 7598.52 7586.18 7573.86 7562.89 7553.39 7545.19 7538.05 7531.8 7526.29 7521.41 
7515.83 7512.11 7508.82 7505.93 7503.43 7501.32 7499.58 7498.24 7497.27 7496.69 7496.5 7496.69 7497.27 7498.24 7499.58 7501.32 7503.43 7505.93 7508.82 7512.11 7515.83 7519.99 7524.65 7529.83 7535.61 7542.04 7549.18 7557.03 7565.43 7573.86 7580.98 7584.28 7580.98 7573.86 7565.43 7557.03 7549.18 7542.04 7535.61 7529.83 7524.65 7519.99 
7514.14 7510.56 7507.36 7504.52 7502.06 7499.96 7498.24 7496.89 7495.92 7495.34 7495.14 7495.34 7495.92 7496.89 7498.24 7499.96 7502.06 7504.52 7507.36 7510.56 7514.14 7518.12 7522.5 7527.3 7532.53 7538.21 7544.28 7550.65 7557.03 7562.89 7567.32 7569.08 7567.32 7562.89 7557.03 7550.65 7544.28 7538.21 7532.53 7527.3 7522.5 7518.12 
7512.08 7508.64 7505.53 7502.75 7500.32 7498.24 7496.51 7495.16 7494.18 7493.59 7493.4 7493.59 7494.18 7495.16 7496.51 7498.24 7500.32 7502.75 7505.53 7508.64 7512.08 7515.85 7519.94 7524.35 7529.05 7534.01 7539.14 7544.28 7549.18 7553.39 7556.36 7557.45 7556.36 7553.39 7549.18 7544.28 7539.14 7534.01 7529.05 7524.35 7519.94 7515.85 
7509.71 7506.4 7503.38 7500.65 7498.24 7496.15 7494.42 7493.04 7492.05 7491.45 7491.25 7491.45 7492.05 7493.04 7494.42 7496.15 7498.24 7500.65 7503.38 7506.4 7509.71 7513.28 7517.1 7521.13 7525.35 7529.67 7534.01 7538.21 7542.04 7545.19 7547.3 7548.06 7547.3 7545.19 7542.04 7538.21 7534.01 7529.67 7525.35 7521.13 7517.1 7513.28 
7507.08 7503.89 7500.94 7498.24 7495.82 7493.72 7491.95 7490.55 7489.53 7488.9 7488.7 7488.9 7489.53 7490.55 7491.95 7493.72 7495.82 7498.24 7500.94 7503.89 7507.08 7510.48 7514.05 7517.76 7521.55 7525.35 7529.05 7532.53 7535.61 7538.05 7539.64 7540.2 7539.64 7538.05 7535.61 7532.53 7529.05 7525.35 7521.55 7517.76 7514.05 7510.48 
7504.26 7501.16 7498.24 7495.54 7493.09 7490.94 7489.12 7487.66 7486.59 7485.93 7485.72 7485.93 7486.59 7487.66 7489.12 7490.94 7493.09 7495.54 7498.24 7501.16 7504.26 7507.52 7510.89 7514.32 7517.76 7521.13 7524.35 7527.3 7529.83 7531.8 7533.06 7533.49 7533.06 7531.8 7529.83 7527.3 7524.35 7521.13 7517.76 7514.32 7510.89 7507.52 
7501.3 7498.24 7495.32 7492.58 7490.07 7487.83 7485.92 7484.36 7483.22 7482.52 7482.28 7482.52 7483.22 7484.36 7485.92 7487.83 7490.07 7492.58 7495.32 7498.24 7501.3 7504.46 7507.67 7510.89 7514.05 7517.1 7519.94 7522.5 7524.65 7526.29 7527.32 7527.67 7527.32 7526.29 7524.65 7522.5 7519.94 7517.1 7514.05 7510.89 7507.67 7504.46 
7498.24 7495.17 7492.21 7489.39 7486.76 7484.39 7482.33 7480.65 7479.4 7478.62 7478.36 7478.62 7479.4 7480.65 7482.33 7484.39 7486.76 7489.39 7492.21 7495.17 7498.24 7501.34 7504.46 7507.52 7510.48 7513.28 7515.85 7518.12 7519.99 7521.41 7522.29 7522.58 7522.29 7521.41 7519.99 7518.12 7515.85 7513.28 7510.48 7507.52 7504.46 7501.34 
