7495.15 7492.06 7489.02 7486.09 7483.31 7480.76 7478.51 7476.65 7475.24 7474.37 7474.07 7474.37 7475.24 7476.65 7478.51 7480.76 7483.31 7486.09 7489.02 7492.06 7495.15 7498.24 7501.27 7504.22 7507.02 7509.62 7511.98 7514.02 7515.7 7516.94 7517.71 7517.97 7517.71 7516.94 7515.7 7514.02 7511.98 7509.62 7507.02 7504.22 7501.27 7498.24 
7492.06 7488.88 7485.68 7482.54 7479.52 7476.69 7474.16 7472.02 7470.39 7469.37 7469.02 7469.37 7470.39 7472.02 7474.16 7476.69 7479.52 7482.54 7485.68 7488.88 7492.06 7495.2 7498.24 7501.13 7503.85 7506.34 7508.56 7510.46 7512 7513.14 7513.84 7514.07 7513.84 7513.14 7512 7510.46 7508.56 7506.34 7503.85 7501.13 7498.24 7495.2 
7489.02 7485.68 7482.28 7478.86 7475.51 7472.31 7469.39 7466.87 7464.91 7463.67 7463.24 7463.67 7464.91 7466.87 7469.39 7472.31 7475.51 7478.86 7482.28 7485.68 7489.02 7492.26 7495.34 7498.24 7500.91 7503.34 7505.47 7507.28 7508.73 7509.79 7510.44 7510.66 7510.44 7509.79 7508.73 7507.28 7505.47 7503.34 7500.91 7498.24 7495.34 7492.26 
7486.09 7482.54 7478.86 7475.1 7471.32 7467.64 7464.18 7461.13 7458.7 7457.11 7456.56 7457.11 7458.7 7461.13 7464.18 7467.64 7471.32 7475.1 7478.86 7482.54 7486.09 7489.46 7492.62 7495.56 7498.24 7500.63 7502.72 7504.47 7505.86 7506.88 7507.49 7507.7 7507.49 7506.88 7505.86 7504.47 7502.72 7500.63 7498.24 7495.56 7492.62 7489.46 
7483.31 7479.52 7475.51 7471.32 7467.02 7462.71 7458.54 7454.73 7451.6 7449.49 7448.74 7449.49 7451.6 7454.73 7458.54 7462.71 7467.02 7471.32 7475.51 7479.52 7483.31 7486.85 7490.13 7493.14 7495.84 7498.24 7500.3 7502.02 7503.38 7504.37 7504.96 7505.16 7504.96 7504.37 7503.38 7502.02 7500.3 7498.24 7495.84 7493.14 7490.13 7486.85 
7480.76 7476.69 7472.31 7467.64 7462.71 7457.61 7452.49 7447.63 7443.43 7440.48 7439.39 7440.48 7443.43 7447.63 7452.49 7457.61 7462.71 7467.64 7472.31 7476.69 7480.76 7484.5 7487.91 7491 7493.76 7496.17 7498.24 7499.95 7501.29 7502.26 7502.84 7503.03 7502.84 7502.26 7501.29 7499.95 7498.24 7496.17 7493.76 7491 7487.91 7484.5 
7478.51 7474.16 7469.39 7464.18 7458.54 7452.49 7446.16 7439.82 7433.98 7429.58 7427.82 7429.58 7433.98 7439.82 7446.16 7452.49 7458.54 7464.18 7469.39 7474.16 7478.51 7482.45 7486.01 7489.19 7492 7494.45 7496.53 7498.24 7499.57 7500.53 7501.11 7501.3 7501.11 7500.53 7499.57 7498.24 7496.53 7494.45 7492 7489.19 7486.01 7482.45 
7476.65 7472.02 7466.87 7461.13 7454.73 7447.63 7439.82 7431.45 7423.07 7415.98 7412.7 7415.98 7423.07 7431.45 7439.82 7447.63 7454.73 7461.13 7466.87 7472.02 7476.65 7480.78 7484.47 7487.74 7490.61 7493.09 7495.18 7496.9 7498.24 7499.19 7499.77 7499.96 7499.77 7499.19 7498.24 7496.9 7495.18 7493.09 7490.61 7487.74 7484.47 7480.78 
7475.24 7470.39 7464.91 7458.7 7451.6 7443.43 7433.98 7423.07 7410.82 7398.54 7390.99 7398.54 7410.82 7423.07 7433.98 7443.43 7451.6 7458.7 7464.91 7470.39 7475.24 7479.54 7483.34 7486.68 7489.6 7492.11 7494.22 7495.94 7497.28 7498.24 7498.81 7499 7498.81 7498.24 7497.28 7495.94 7494.22 7492.11 7489.6 7486.68 7483.34 7479.54 
7474.37 7469.37 7463.67 7457.11 7449.49 7440.48 7429.58 7415.98 7398.54 7376.35 7354.15 7376.35 7398.54 7415.98 7429.58 7440.48 7449.49 7457.11 7463.67 7469.37 7474.37 7478.77 7482.64 7486.03 7488.98 7491.51 7493.64 7495.36 7496.71 7497.66 7498.24 7498.43 7498.24 7497.66 7496.71 7495.36 7493.64 7491.51 7488.98 7486.03 7482.64 7478.77 
7474.07 7469.02 7463.24 7456.56 7448.74 7439.39 7427.82 7412.7 7390.99 7354.15 7272.97 7354.15 7390.99 7412.7 7427.82 7439.39 7448.74 7456.56 7463.24 7469.02 7474.07 7478.51 7482.41 7485.82 7488.78 7491.31 7493.44 7495.17 7496.51 7497.47 7498.05 7498.24 7498.05 7497.47 7496.51 7495.17 7493.44 7491.31 7488.78 7485.82 7482.41 7478.51 
7474.37 7469.37 7463.67 7457.11 7449.49 7440.48 7429.58 7415.98 7398.54 7376.35 7354.15 7376.35 7398.54 7415.98 7429.58 7440.48 7449.49 7457.11 7463.67 7469.37 7474.37 7478.77 7482.64 7486.03 7488.98 7491.51 7493.64 7495.36 7496.71 7497.66 7498.24 7498.43 7498.24 7497.66 7496.71 7495.36 7493.64 7491.51 7488.98 7486.03 7482.64 7478.77 
7475.24 7470.39 7464.91 7458.7 7451.6 7443.43 7433.98 7423.07 7410.82 7398.54 7390.99 7398.54 7410.82 7423.07 7433.98 7443.43 7451.6 7458.7 7464.91 7470.39 7475.24 7479.54 7483.34 7486.68 7489.6 7492.11 7494.22 7495.94 7497.28 7498.24 7498.81 7499 7498.81 7498.24 7497.28 7495.94 7494.22 7492.11 7489.6 7486.68 7483.34 7479.54 
7476.65 7472.02 7466.87 7461.13 7454.73 7447.63 7439.82 7431.45 7423.07 7415.98 7412.7 7415.98 7423.07 7431.45 7439.82 7447.63 7454.73 7461.13 7466.87 7472.02 7476.65 7480.78 7484.47 7487.74 7490.61 7493.09 7495.18 7496.9 7498.24 7499.19 7499.77 7499.96 7499.77 7499.19 7498.24 7496.9 7495.18 7493.09 7490.61 7487.74 7484.47 7480.78 
7478.51 7474.16 7469.39 7464.18 7458.54 7452.49 7446.16 7439.82 7433.98 7429.58 7427.82 7429.58 7433.98 7439.82 7446.16 7452.49 7458.54 7464.18 7469.39 7474.16 7478.51 7482.45 7486.01 7489.19 7492 7494.45 7496.53 7498.24 7499.57 7500.53 7501.11 7501.3 7501.11 7500.53 7499.57 7498.24 7496.53 7494.45 7492 7489.19 7486.01 7482.45 
7480.76 7476.69 7472.31 7467.64 7462.71 7457.61 7452.49 7447.63 7443.43 7440.48 7439.39 7440.48 7443.43 7447.63 7452.49 7457.61 7462.71 7467.64 7472.31 7476.69 7480.76 7484.5 7487.91 7491 7493.76 7496.17 7498.24 7499.95 7501.29 7502.26 7502.84 7503.03 7502.84 7502.26 7501.29 7499.95 7498.24 7496.17 7493.76 7491 7487.91 7484.5 
7483.31 7479.52 7475.51 7471.32 7467.02 7462.71 7458.54 7454.73 7451.6 7449.49 7448.74 7449.49 7451.6 7454.73 7458.54 7462.71 7467.02 7471.32 7475.51 7479.52 7483.31 7486.85 7490.13 7493.14 7495.84 7498.24 7500.3 7502.02 7503.38 7504.37 7504.96 7505.16 7504.96 7504.37 7503.38 7502.02 7500.3 7498.24 7495.84 7493.14 7490.13 7486.85 
7486.09 7482.54 7478.86 7475.1 7471.32 7467.64 7464.18 7461.13 7458.7 7457.11 7456.56 7457.11 7458.7 7461.13 7464.18 7467.64 7471.32 7475.1 7478.86 7482.54 7486.09 7489.46 7492.62 7495.56 7498.24 7500.63 7502.72 7504.47 7505.86 7506.88 7507.49 7507.7 7507.49 7506.88 7505.86 7504.47 7502.72 7500.63 7498.24 7495.56 7492.62 7489.46 
7489.02 7485.68 7482.28 7478.86 7475.51 7472.31 7469.39 7466.87 7464.91 7463.67 7463.24 7463.67 7464.91 7466.87 7469.39 7472.31 7475.51 7478.86 7482.28 7485.68 7489.02 7492.26 7495.34 7498.24 7500.91 7503.34 7505.47 7507.28 7508.73 7509.79 7510.44 7510.66 7510.44 7509.79 7508.73 7507.28 7505.47 7503.34 7500.91 7498.24 7495.34 7492.26 
7492.06 7488.88 7485.68 7482.54 7479.52 7476.69 7474.16 7472.02 7470.39 7469.37 7469.02 7469.37 7470.39 7472.02 7474.16 7476.69 7479.52 7482.54 7485.68 7488.88 7492.06 7495.2 7498.24 7501.13 7503.85 7506.34 7508.56 7510.46 7512 7513.14 7513.84 7514.07 7513.84 7513.14 7512 7510.46 7508.56 7506.34 7503.85 7501.13 7498.24 7495.2 
7495.15 7492.06 7489.02 7486.09 7483.31 7480.76 7478.51 7476.65 7475.24 7474.37 7474.07 7474.37 7475.24 7476.65 7478.51 7480.76 7483.31 7486.09 7489.02 7492.06 7495.15 7498.24 7501.27 7504.22 7507.02 7509.62 7511.98 7514.02 7515.7 7516.94 7517.71 7517.97 7517.71 7516.94 7515.7 7514.02 7511.98 7509.62 7507.02 7504.22 7501.27 7498.24 
7498.24 7495.2 7492.26 7489.46 7486.85 7484.5 7482.45 7480.78 7479.54 7478.77 7478.51 7478.77 7479.54 7480.78 7482.45 7484.5 7486.85 7489.46 7492.26 7495.2 7498.24 7501.32 7504.41 7507.45 7510.39 7513.17 7515.72 7517.97 7519.84 7521.24 7522.12 7522.41 7522.12 7521.24 7519.84 7517.97 7515.72 7513.17 7510.39 7507.45 7504.41 7501.32 
7501.27 7498.24 7495.34 7492.62 7490.13 7487.91 7486.01 7484.47 7483.34 7482.64 7482.41 7482.64 7483.34 7484.47 7486.01 7487.91 7490.13 7492.62 7495.34 7498.24 7501.27 7504.41 7507.6 7510.79 7513.94 7516.96 7519.79 7522.33 7524.47 7526.1 7527.12 7527.48 7527.12 7526.1 7524.47 7522.33 7519.79 7516.96 7513.94 7510.79 7507.6 7504.41 
7504.22 7501.13 7498.24 7495.56 7493.14 7491 7489.19 7487.74 7486.68 7486.03 7485.82 7486.03 7486.68 7487.74 7489.19 7491 7493.14 7495.56 7498.24 7501.13 7504.22 7507.45 7510.79 7514.2 7517.62 7520.97 7524.18 7527.11 7529.63 7531.59 7532.84 7533.27 7532.84 7531.59 7529.63 7527.11 7524.18 7520.97 7517.62 7514.2 7510.79 7507.45 
7507.02 7503.85 7500.91 7498.24 7495.84 7493.76 7492 7490.61 7489.6 7488.98 7488.78 7488.98 7489.6 7490.61 7492 7493.76 7495.84 7498.24 7500.91 7503.85 7507.02 7510.39 7513.94 7517.62 7521.39 7525.17 7528.86 7532.32 7535.38 7537.82 7539.41 7539.96 7539.41 7537.82 7535.38 7532.32 7528.86 7525.17 7521.39 7517.62 7513.94 7510.39 
7509.62 7506.34 7503.34 7500.63 7498.24 7496.17 7494.45 7493.09 7492.11 7491.51 7491.31 7491.51 7492.11 7493.09 7494.45 7496.17 7498.24 7500.63 7503.34 7506.34 7509.62 7513.17 7516.96 7520.97 7525.17 7529.47 7533.79 7537.98 7541.79 7544.93 7547.04 7547.79 7547.04 7544.93 7541.79 7537.98 7533.79 7529.47 7525.17 7520.97 7516.96 7513.17 
7511.98 7508.56 7505.47 7502.72 7500.3 7498.24 7496.53 7495.18 7494.22 7493.64 7493.44 7493.64 7494.22 7495.18 7496.53 7498.24 7500.3 7502.72 7505.47 7508.56 7511.98 7515.72 7519.79 7524.18 7528.86 7533.79 7538.91 7544.03 7548.91 7553.12 7556.08 7557.17 7556.08 7553.12 7548.91 7544.03 7538.91 7533.79 7528.86 7524.18 7519.79 7515.72 
7514.02 7510.46 7507.28 7504.47 7502.02 7499.95 7498.24 7496.9 7495.94 7495.36 7495.17 7495.36 7495.94 7496.9 7498.24 7499.95 7502.02 7504.47 7507.28 7510.46 7514.02 7517.97 7522.33 7527.11 7532.32 7537.98 7544.03 7550.38 7556.75 7562.6 7567.02 7568.79 7567.02 7562.6 7556.75 7550.38 7544.03 7537.98 7532.32 7527.11 7522.33 7517.97 
7515.7 7512 7508.73 7505.86 7503.38 7501.29 7499.57 7498.24 7497.28 7496.71 7496.51 7496.71 7497.28 7498.24 7499.57 7501.29 7503.38 7505.86 7508.73 7512 7515.7 7519.84 7524.47 7529.63 7535.38 7541.79 7548.91 7556.75 7565.14 7573.56 7580.68 7583.97 7580.68 7573.56 7565.14 7556.75 7548.91 7541.79 7535.38 7529.63 7524.47 7519.84 
7516.94 7513.14 7509.79 7506.88 7504.37 7502.26 7500.53 7499.19 7498.24 7497.66 7497.47 7497.66 7498.24 7499.19 7500.53 7502.26 7504.37 7506.88 7509.79 7513.14 7516.94 7521.24 7526.1 7531.59 7537.82 7544.93 7553.12 7562.6 7573.56 7585.87 7598.21 7605.81 7598.21 7585.87 7573.56 7562.6 7553.12 7544.93 7537.82 7531.59 7526.1 7521.24 
7517.71 7513.84 7510.44 7507.49 7504.96 7502.84 7501.11 7499.77 7498.81 7498.24 7498.05 7498.24 7498.81 7499.77 7501.11 7502.84 7504.96 7507.49 7510.44 7513.84 7517.71 7522.12 7527.12 7532.84 7539.41 7547.04 7556.08 7567.02 7580.68 7598.21 7620.54 7642.92 7620.54 7598.21 7580.68 7567.02 7556.08 7547.04 7539.41 7532.84 7527.12 7522.12 
7517.97 7514.07 7510.66 7507.7 7505.16 7503.03 7501.3 7499.96 7499 7498.43 7498.24 7498.43 7499 7499.96 7501.3 7503.03 7505.16 7507.7 7510.66 7514.07 7517.97 7522.41 7527.48 7533.27 7539.96 7547.79 7557.17 7568.79 7583.97 7605.81 7642.92 7724.97 7642.92 7605.81 7583.97 7568.79 7557.17 7547.79 7539.96 7533.27 7527.48 7522.41 
7517.71 7513.84 7510.44 7507.49 7504.96 7502.84 7501.11 7499.77 7498.81 7498.24 7498.05 7498.24 7498.81 7499.77 7501.11 7502.84 7504.96 7507.49 7510.44 7513.84 7517.71 7522.12 7527.12 7532.84 7539.41 7547.04 7556.08 7567.02 7580.68 7598.21 7620.54 7642.92 7620.54 7598.21 7580.68 7567.02 7556.08 7547.04 7539.41 7532.84 7527.12 7522.12 
7516.94 7513.14 7509.79 7506.88 7504.37 7502.26 7500.53 7499.19 7498.24 7497.66 7497.47 7497.66 7498.24 7499.19 7500.53 7502.26 7504.37 7506.88 7509.79 7513.14 7516.94 7521.24 7526.1 7531.59 7537.82 7544.93 7553.12 7562.6 7573.56 7585.87 7598.21 7605.81 7598.21 7585.87 7573.56 7562.6 7553.12 7544.93 7537.82 7531.59 7526.1 7521.24 
7515.7 7512 7508.73 7505.86 7503.38 7501.29 7499.57 7498.24 7497.28 7496.71 7496.51 7496.71 7497.28 7498.24 7499.57 7501.29 7503.38 7505.86 7508.73 7512 7515.7 7519.84 7524.47 7529.63 7535.38 7541.79 7548.91 7556.75 7565.14 7573.56 7580.68 7583.97 7580.68 7573.56 7565.14 7556.75 7548.91 7541.79 7535.38 7529.63 7524.47 7519.84 
7514.02 7510.46 7507.28 7504.47 7502.02 7499.95 7498.24 7496.9 7495.94 7495.36 7495.17 7495.36 7495.94 7496.9 7498.24 7499.95 7502.02 7504.47 7507.28 7510.46 7514.02 7517.97 7522.33 7527.11 7532.32 7537.98 7544.03 7550.38 7556.75 7562.6 7567.02 7568.79 7567.02 7562.6 7556.75 7550.38 7544.03 7537.98 7532.32 7527.11 7522.33 7517.97 
7511.98 7508.56 7505.47 7502.72 7500.3 7498.24 7496.53 7495.18 7494.22 7493.64 7493.44 7493.64 7494.22 7495.18 7496.53 7498.24 7500.3 7502.72 7505.47 7508.56 7511.98 7515.72 7519.79 7524.18 7528.86 7533.79 7538.91 7544.03 7548.91 7553.12 7556.08 7557.17 7556.08 7553.12 7548.91 7544.03 7538.91 7533.79 7528.86 7524.18 7519.79 7515.72 
7509.62 7506.34 7503.34 7500.63 7498.24 7496.17 7494.45 7493.09 7492.11 7491.51 7491.31 7491.51 7492.11 7493.09 7494.45 7496.17 7498.24 7500.63 7503.34 7506.34 7509.62 7513.17 7516.96 7520.97 7525.17 7529.47 7533.79 7537.98 7541.79 7544.93 7547.04 7547.79 7547.04 7544.93 7541.79 7537.98 7533.79 7529.47 7525.17 7520.97 7516.96 7513.17 
7507.02 7503.85 7500.91 7498.24 7495.84 7493.76 7492 7490.61 7489.6 7488.98 7488.78 7488.98 7489.6 7490.61 7492 7493.76 7495.84 7498.24 7500.91 7503.85 7507.02 7510.39 7513.94 7517.62 7521.39 7525.17 7528.86 7532.32 7535.38 7537.82 7539.41 7539.96 7539.41 7537.82 7535.38 7532.32 7528.86 7525.17 7521.39 7517.62 7513.94 7510.39 
7504.22 7501.13 7498.24 7495.56 7493.14 7491 7489.19 7487.74 7486.68 7486.03 7485.82 7486.03 7486.68 7487.74 7489.19 7491 7493.14 7495.56 7498.24 7501.13 7504.22 7507.45 7510.79 7514.2 7517.62 7520.97 7524.18 7527.11 7529.63 7531.59 7532.84 7533.27 7532.84 7531.59 7529.63 7527.11 7524.18 7520.97 7517.62 7514.2 7510.79 7507.45 
7501.27 7498.24 7495.34 7492.62 7490.13 7487.91 7486.01 7484.47 7483.34 7482.64 7482.41 7482.64 7483.34 7484.47 7486.01 7487.91 7490.13 7492.62 7495.34 7498.24 7501.27 7504.41 7507.6 7510.79 7513.94 7516.96 7519.79 7522.33 7524.47 7526.1 7527.12 7527.48 7527.12 7526.1 7524.47 7522.33 7519.79 7516.96 7513.94 7510.79 7507.6 7504.41 
7498.24 7495.2 7492.26 7489.46 7486.85 7484.5 7482.45 7480.78 7479.54 7478.77 7478.51 7478.77 7479.54 7480.78 7482.45 7484.5 7486.85 7489.46 7492.26 7495.2 7498.24 7501.32 7504.41 7507.45 7510.39 7513.17 7515.72 7517.97 7519.84 7521.24 7522.12 7522.41 7522.12 7521.24 7519.84 7517.97 7515.72 7513.17 7510.39 7507.45 7504.41 7501.32 
