7495.21 7492.19 7489.21 7486.32 7483.59 7481.09 7478.88 7477.05 7475.67 7474.81 7474.52 7474.81 7475.67 7477.05 7478.88 7481.09 7483.59 7486.32 7489.21 7492.19 7495.21 7498.24 7501.21 7504.1 7506.84 7509.4 7511.71 7513.71 7515.36 7516.58 7517.33 7517.59 7517.33 7516.58 7515.36 7513.71 7511.71 7509.4 7506.84 7504.1 7501.21 7498.24 
7492.19 7489.06 7485.92 7482.84 7479.87 7477.09 7474.59 7472.49 7470.88 7469.87 7469.52 7469.87 7470.88 7472.49 7474.59 7477.09 7479.87 7482.84 7485.92 7489.06 7492.19 7495.26 7498.24 7501.08 7503.74 7506.18 7508.35 7510.22 7511.73 7512.84 7513.52 7513.75 7513.52 7512.84 7511.73 7510.22 7508.35 7506.18 7503.74 7501.08 7498.24 7495.26 
7489.21 7485.92 7482.58 7479.22 7475.92 7472.77 7469.88 7467.39 7465.46 7464.22 7463.8 7464.22 7465.46 7467.39 7469.88 7472.77 7475.92 7479.22 7482.58 7485.92 7489.21 7492.38 7495.4 7498.24 7500.86 7503.23 7505.32 7507.09 7508.51 7509.55 7510.19 7510.4 7510.19 7509.55 7508.51 7507.09 7505.32 7503.23 7500.86 7498.24 7495.4 7492.38 
7486.32 7482.84 7479.22 7475.51 7471.79 7468.15 7464.73 7461.7 7459.29 7457.72 7457.17 7457.72 7459.29 7461.7 7464.73 7468.15 7471.79 7475.51 7479.22 7482.84 7486.32 7489.63 7492.74 7495.61 7498.24 7500.58 7502.62 7504.34 7505.7 7506.69 7507.29 7507.49 7507.29 7506.69 7505.7 7504.34 7502.62 7500.58 7498.24 7495.61 7492.74 7489.63 
7483.59 7479.87 7475.92 7471.79 7467.54 7463.27 7459.13 7455.36 7452.25 7450.15 7449.41 7450.15 7452.25 7455.36 7459.13 7463.27 7467.54 7471.79 7475.92 7479.87 7483.59 7487.08 7490.3 7493.24 7495.89 7498.24 7500.26 7501.94 7503.27 7504.23 7504.81 7505.01 7504.81 7504.23 7503.27 7501.94 7500.26 7498.24 7495.89 7493.24 7490.3 7487.08 
7481.09 7477.09 7472.77 7468.15 7463.27 7458.21 7453.13 7448.3 7444.13 7441.19 7440.1 7441.19 7444.13 7448.3 7453.13 7458.21 7463.27 7468.15 7472.77 7477.09 7481.09 7484.77 7488.12 7491.15 7493.85 7496.22 7498.24 7499.91 7501.22 7502.16 7502.73 7502.92 7502.73 7502.16 7501.22 7499.91 7498.24 7496.22 7493.85 7491.15 7488.12 7484.77 
7478.88 7474.59 7469.88 7464.73 7459.13 7453.13 7446.84 7440.52 7434.71 7430.32 7428.57 7430.32 7434.71 7440.52 7446.84 7453.13 7459.13 7464.73 7469.88 7474.59 7478.88 7482.76 7486.26 7489.38 7492.14 7494.53 7496.57 7498.24 7499.54 7500.48 7501.04 7501.23 7501.04 7500.48 7499.54 7498.24 7496.57 7494.53 7492.14 7489.38 7486.26 7482.76 
7477.05 7472.49 7467.39 7461.7 7455.36 7448.3 7440.52 7432.19 7423.83 7416.76 7413.48 7416.76 7423.83 7432.19 7440.52 7448.3 7455.36 7461.7 7467.39 7472.49 7477.05 7481.12 7484.75 7487.96 7490.78 7493.2 7495.25 7496.93 7498.24 7499.17 7499.73 7499.92 7499.73 7499.17 7498.24 7496.93 7495.25 7493.2 7490.78 7487.96 7484.75 7481.12 
7475.67 7470.88 7465.46 7459.29 7452.25 7444.13 7434.71 7423.83 7411.6 7399.34 7391.79 7399.34 7411.6 7423.83 7434.71 7444.13 7452.25 7459.29 7465.46 7470.88 7475.67 7479.9 7483.64 7486.93 7489.79 7492.24 7494.31 7496 7497.3 7498.24 7498.8 7498.98 7498.8 7498.24 7497.3 7496 7494.31 7492.24 7489.79 7486.93 7483.64 7479.9 
7474.81 7469.87 7464.22 7457.72 7450.15 7441.19 7430.32 7416.76 7399.34 7377.16 7354.97 7377.16 7399.34 7416.76 7430.32 7441.19 7450.15 7457.72 7464.22 7469.87 7474.81 7479.15 7482.96 7486.29 7489.18 7491.66 7493.74 7495.43 7496.74 7497.68 7498.24 7498.42 7498.24 7497.68 7496.74 7495.43 7493.74 7491.66 7489.18 7486.29 7482.96 7479.15 
7474.52 7469.52 7463.8 7457.17 7449.41 7440.1 7428.57 7413.48 7391.79 7354.97 7273.79 7354.97 7391.79 7413.48 7428.57 7440.1 7449.41 7457.17 7463.8 7469.52 7474.52 7478.89 7482.73 7486.08 7488.98 7491.47 7493.55 7495.24 7496.56 7497.49 7498.05 7498.24 7498.05 7497.49 7496.56 7495.24 7493.55 7491.47 7488.98 7486.08 7482.73 7478.89 
7474.81 7469.87 7464.22 7457.72 7450.15 7441.19 7430.32 7416.76 7399.34 7377.16 7354.97 7377.16 7399.34 7416.76 7430.32 7441.19 7450.15 7457.72 7464.22 7469.87 7474.81 7479.15 7482.96 7486.29 7489.18 7491.66 7493.74 7495.43 7496.74 7497.68 7498.24 7498.42 7498.24 7497.68 7496.74 7495.43 7493.74 7491.66 7489.18 7486.29 7482.96 7479.15 
7475.67 7470.88 7465.46 7459.29 7452.25 7444.13 7434.71 7423.83 7411.6 7399.34 7391.79 7399.34 7411.6 7423.83 7434.71 7444.13 7452.25 7459.29 7465.46 7470.88 7475.67 7479.9 7483.64 7486.93 7489.79 7492.24 7494.31 7496 7497.3 7498.24 7498.8 7498.98 7498.8 7498.24 7497.3 7496 7494.31 7492.24 7489.79 7486.93 7483.64 7479.9 
7477.05 7472.49 7467.39 7461.7 7455.36 7448.3 7440.52 7432.19 7423.83 7416.76 7413.48 7416.76 7423.83 7432.19 7440.52 7448.3 7455.36 7461.7 7467.39 7472.49 7477.05 7481.12 7484.75 7487.96 7490.78 7493.2 7495.25 7496.93 7498.24 7499.17 7499.73 7499.92 7499.73 7499.17 7498.24 7496.93 7495.25 7493.2 7490.78 7487.96 7484.75 7481.12 
7478.88 7474.59 7469.88 7464.73 7459.13 7453.13 7446.84 7440.52 7434.71 7430.32 7428.57 7430.32 7434.71 7440.52 7446.84 7453.13 7459.13 7464.73 7469.88 7474.59 7478.88 7482.76 7486.26 7489.38 7492.14 7494.53 7496.57 7498.24 7499.54 7500.48 7501.04 7501.23 7501.04 7500.48 7499.54 7498.24 7496.57 7494.53 7492.14 7489.38 7486.26 7482.76 
7481.09 7477.09 7472.77 7468.15 7463.27 7458.21 7453.13 7448.3 7444.13 7441.19 7440.1 7441.19 7444.13 7448.3 7453.13 7458.21 7463.27 7468.15 7472.77 7477.09 7481.09 7484.77 7488.12 7491.15 7493.85 7496.22 7498.24 7499.91 7501.22 7502.16 7502.73 7502.92 7502.73 7502.16 7501.22 7499.91 7498.24 7496.22 7493.85 7491.15 7488.12 7484.77 
7483.59 7479.87 7475.92 7471.79 7467.54 7463.27 7459.13 7455.36 7452.25 7450.15 7449.41 7450.15 7452.25 7455.36 7459.13 7463.27 7467.54 7471.79 7475.92 7479.87 7483.59 7487.08 7490.3 7493.24 7495.89 7498.24 7500.26 7501.94 7503.27 7504.23 7504.81 7505.01 7504.81 7504.23 7503.27 7501.94 7500.26 7498.24 7495.89 7493.24 7490.3 7487.08 
7486.32 7482.84 7479.22 7475.51 7471.79 7468.15 7464.73 7461.7 7459.29 7457.72 7457.17 7457.72 7459.29 7461.7 7464.73 7468.15 7471.79 7475.51 7479.22 7482.84 7486.32 7489.63 7492.74 7495.61 7498.24 7500.58 7502.62 7504.34 7505.7 7506.69 7507.29 7507.49 7507.29 7506.69 7505.7 7504.34 7502.62 7500.58 7498.24 7495.61 7492.74 7489.63 
7489.21 7485.92 7482.58 7479.22 7475.92 7472.77 7469.88 7467.39 7465.46 7464.22 7463.8 7464.22 7465.46 7467.39 7469.88 7472.77 7475.92 7479.22 7482.58 7485.92 7489.21 7492.38 7495.4 7498.24 7500.86 7503.23 7505.32 7507.09 7508.51 7509.55 7510.19 7510.4 7510.19 7509.55 7508.51 7507.09 7505.32 7503.23 7500.86 7498.24 7495.4 7492.38 
7492.19 7489.06 7485.92 7482.84 7479.87 7477.09 7474.59 7472.49 7470.88 7469.87 7469.52 7469.87 7470.88 7472.49 7474.59 7477.09 7479.87 7482.84 7485.92 7489.06 7492.19 7495.26 7498.24 7501.08 7503.74 7506.18 7508.35 7510.22 7511.73 7512.84 7513.52 7513.75 7513.52 7512.84 7511.73 7510.22 7508.35 7506.18 7503.74 7501.08 7498.24 7495.26 
7495.21 7492.19 7489.21 7486.32 7483.59 7481.09 7478.88 7477.05 7475.67 7474.81 7474.52 7474.81 7475.67 7477.05 7478.88 7481.09 7483.59 7486.32 7489.21 7492.19 7495.21 7498.24 7501.21 7504.1 7506.84 7509.4 7511.71 7513.71 7515.36 7516.58 7517.33 7517.59 7517.33 7516.58 7515.36 7513.71 7511.71 7509.4 7506.84 7504.1 7501.21 7498.24 
7498.24 7495.26 7492.38 7489.63 7487.08 7484.77 7482.76 7481.12 7479.9 7479.15 7478.89 7479.15 7479.9 7481.12 7482.76 7484.77 7487.08 7489.63 7492.38 7495.26 7498.24 7501.26 7504.29 7507.27 7510.15 7512.88 7515.39 7517.6 7519.44 7520.82 7521.68 7521.97 7521.68 7520.82 7519.44 7517.6 7515.39 7512.88 7510.15 7507.27 7504.29 7501.26 
7501.21 7498.24 7495.4 7492.74 7490.3 7488.12 7486.26 7484.75 7483.64 7482.96 7482.73 7482.96 7483.64 7484.75 7486.26 7488.12 7490.3 7492.74 7495.4 7498.24 7501.21 7504.29 7507.42 7510.55 7513.64 7516.62 7519.4 7521.9 7524 7525.61 7526.63 7526.97 7526.63 7525.61 7524 7521.9 7519.4 7516.62 7513.64 7510.55 7507.42 7504.29 
7504.1 7501.08 7498.24 7495.61 7493.24 7491.15 7489.38 7487.96 7486.93 7486.29 7486.08 7486.29 7486.93 7487.96 7489.38 7491.15 7493.24 7495.61 7498.24 7501.08 7504.1 7507.27 7510.55 7513.9 7517.26 7520.57 7523.72 7526.62 7529.11 7531.04 7532.28 7532.71 7532.28 7531.04 7529.11 7526.62 7523.72 7520.57 7517.26 7513.9 7510.55 7507.27 
7506.84 7503.74 7500.86 7498.24 7495.89 7493.85 7492.14 7490.78 7489.79 7489.18 7488.98 7489.18 7489.79 7490.78 7492.14 7493.85 7495.89 7498.24 7500.86 7503.74 7506.84 7510.15 7513.64 7517.26 7520.98 7524.7 7528.35 7531.78 7534.8 7537.22 7538.79 7539.34 7538.79 7537.22 7534.8 7531.78 7528.35 7524.7 7520.98 7517.26 7513.64 7510.15 
7509.4 7506.18 7503.23 7500.58 7498.24 7496.22 7494.53 7493.2 7492.24 7491.66 7491.47 7491.66 7492.24 7493.2 7494.53 7496.22 7498.24 7500.58 7503.23 7506.18 7509.4 7512.88 7516.62 7520.57 7524.7 7528.96 7533.24 7537.38 7541.16 7544.28 7546.38 7547.13 7546.38 7544.28 7541.16 7537.38 7533.24 7528.96 7524.7 7520.57 7516.62 7512.88 
7511.71 7508.35 7505.32 7502.62 7500.26 7498.24 7496.57 7495.25 7494.31 7493.74 7493.55 7493.74 7494.31 7495.25 7496.57 7498.24 7500.26 7502.62 7505.32 7508.35 7511.71 7515.39 7519.4 7523.72 7528.35 7533.24 7538.3 7543.39 7548.24 7552.43 7555.37 7556.46 7555.37 7552.43 7548.24 7543.39 7538.3 7533.24 7528.35 7523.72 7519.4 7515.39 
7513.71 7510.22 7507.09 7504.34 7501.94 7499.91 7498.24 7496.93 7496 7495.43 7495.24 7495.43 7496 7496.93 7498.24 7499.91 7501.94 7504.34 7507.09 7510.22 7513.71 7517.6 7521.9 7526.62 7531.78 7537.38 7543.39 7549.7 7556.04 7561.87 7566.28 7568.03 7566.28 7561.87 7556.04 7549.7 7543.39 7537.38 7531.78 7526.62 7521.9 7517.6 
7515.36 7511.73 7508.51 7505.7 7503.27 7501.22 7499.54 7498.24 7497.3 7496.74 7496.56 7496.74 7497.3 7498.24 7499.54 7501.22 7503.27 7505.7 7508.51 7511.73 7515.36 7519.44 7524 7529.11 7534.8 7541.16 7548.24 7556.04 7564.4 7572.8 7579.9 7583.19 7579.9 7572.8 7564.4 7556.04 7548.24 7541.16 7534.8 7529.11 7524 7519.44 
7516.58 7512.84 7509.55 7506.69 7504.23 7502.16 7500.48 7499.17 7498.24 7497.68 7497.49 7497.68 7498.24 7499.17 7500.48 7502.16 7504.23 7506.69 7509.55 7512.84 7516.58 7520.82 7525.61 7531.04 7537.22 7544.28 7552.43 7561.87 7572.8 7585.08 7597.41 7605 7597.41 7585.08 7572.8 7561.87 7552.43 7544.28 7537.22 7531.04 7525.61 7520.82 
7517.33 7513.52 7510.19 7507.29 7504.81 7502.73 7501.04 7499.73 7498.8 7498.24 7498.05 7498.24 7498.8 7499.73 7501.04 7502.73 7504.81 7507.29 7510.19 7513.52 7517.33 7521.68 7526.63 7532.28 7538.79 7546.38 7555.37 7566.28 7579.9 7597.41 7619.73 7642.09 7619.73 7597.41 7579.9 7566.28 7555.37 7546.38 7538.79 7532.28 7526.63 7521.68 
7517.59 7513.75 7510.4 7507.49 7505.01 7502.92 7501.23 7499.92 7498.98 7498.42 7498.24 7498.42 7498.98 7499.92 7501.23 7502.92 7505.01 7507.49 7510.4 7513.75 7517.59 7521.97 7526.97 7532.71 7539.34 7547.13 7556.46 7568.03 7583.19 7605 7642.09 7724.14 7642.09 7605 7583.19 7568.03 7556.46 7547.13 7539.34 7532.71 7526.97 7521.97 
7517.33 7513.52 7510.19 7507.29 7504.81 7502.73 7501.04 7499.73 7498.8 7498.24 7498.05 7498.24 7498.8 7499.73 7501.04 7502.73 7504.81 7507.29 7510.19 7513.52 7517.33 7521.68 7526.63 7532.28 7538.79 7546.38 7555.37 7566.28 7579.9 7597.41 7619.73 7642.09 7619.73 7597.41 7579.9 7566.28 7555.37 7546.38 7538.79 7532.28 7526.63 7521.68 
7516.58 7512.84 7509.55 7506.69 7504.23 7502.16 7500.48 7499.17 7498.24 7497.68 7497.49 7497.68 7498.24 7499.17 7500.48 7502.16 7504.23 7506.69 7509.55 7512.84 7516.58 7520.82 7525.61 7531.04 7537.22 7544.28 7552.43 7561.87 7572.8 7585.08 7597.41 7605 7597.41 7585.08 7572.8 7561.87 7552.43 7544.28 7537.22 7531.04 7525.61 7520.82 
7515.36 7511.73 7508.51 7505.7 7503.27 7501.22 7499.54 7498.24 7497.3 7496.74 7496.56 7496.74 7497.3 7498.24 7499.54 7501.22 7503.27 7505.7 7508.51 7511.73 7515.36 7519.44 7524 7529.11 7534.8 7541.16 7548.24 7556.04 7564.4 7572.8 7579.9 7583.19 7579.9 7572.8 7564.4 7556.04 7548.24 7541.16 7534.8 7529.11 7524 7519.44 
7513.71 7510.22 7507.09 7504.34 7501.94 7499.91 7498.24 7496.93 7496 7495.43 7495.24 7495.43 7496 7496.93 7498.24 7499.91 7501.94 7504.34 7507.09 7510.22 7513.71 7517.6 7521.9 7526.62 7531.78 7537.38 7543.39 7549.7 7556.04 7561.87 7566.28 7568.03 7566.28 7561.87 7556.04 7549.7 7543.39 7537.38 7531.78 7526.62 7521.9 7517.6 
7511.71 7508.35 7505.32 7502.62 7500.26 7498.24 7496.57 7495.25 7494.31 7493.74 7493.55 7493.74 7494.31 7495.25 7496.57 7498.24 7500.26 7502.62 7505.32 7508.35 7511.71 7515.39 7519.4 7523.72 7528.35 7533.24 7538.3 7543.39 7548.24 7552.43 7555.37 7556.46 7555.37 7552.43 7548.24 7543.39 7538.3 7533.24 7528.35 7523.72 7519.4 7515.39 
7509.4 7506.18 7503.23 7500.58 7498.24 7496.22 7494.53 7493.2 7492.24 7491.66 7491.47 7491.66 7492.24 7493.2 7494.53 7496.22 7498.24 7500.58 7503.23 7506.18 7509.4 7512.88 7516.62 7520.57 7524.7 7528.96 7533.24 7537.38 7541.16 7544.28 7546.38 7547.13 7546.38 7544.28 7541.16 7537.38 7533.24 7528.96 7524.7 7520.57 7516.62 7512.88 
7506.84 7503.74 7500.86 7498.24 7495.89 7493.85 7492.14 7490.78 7489.79 7489.18 7488.98 7489.18 7489.79 7490.78 7492.14 7493.85 7495.89 7498.24 7500.86 7503.74 7506.84 7510.15 7513.64 7517.26 7520.98 7524.7 7528.35 7531.78 7534.8 7537.22 7538.79 7539.34 7538.79 7537.22 7534.8 7531.78 7528.35 7524.7 7520.98 7517.26 7513.64 7510.15 
7504.1 7501.08 7498.24 7495.61 7493.24 7491.15 7489.38 7487.96 7486.93 7486.29 7486.08 7486.29 7486.93 7487.96 7489.38 7491.15 7493.24 7495.61 7498.24 7501.08 7504.1 7507.27 7510.55 7513.9 7517.26 7520.57 7523.72 7526.62 7529.11 7531.04 7532.28 7532.71 7532.28 7531.04 7529.11 7526.62 7523.72 7520.57 7517.26 7513.9 7510.55 7507.27 
7501.21 7498.24 7495.4 7492.74 7490.3 7488.12 7486.26 7484.75 7483.64 7482.96 7482.73 7482.96 7483.64 7484.75 7486.26 7488.12 7490.3 7492.74 7495.4 7498.24 7501.21 7504.29 7507.42 7510.55 7513.64 7516.62 7519.4 7521.9 7524 7525.61 7526.63 7526.97 7526.63 7525.61 7524 7521.9 7519.4 7516.62 7513.64 7510.55 7507.42 7504.29 
7498.24 7495.26 7492.38 7489.63 7487.08 7484.77 7482.76 7481.12 7479.9 7479.15 7478.89 7479.15 7479.9 7481.12 7482.76 7484.77 7487.08 7489.63 7492.38 7495.26 7498.24 7501.26 7504.29 7507.27 7510.15 7512.88 7515.39 7517.6 7519.44 7520.82 7521.68 7521.97 7521.68 7520.82 7519.44 7517.6 7515.39 7512.88 7510.15 7507.27 7504.29 7501.26 
