7496.69 7495.11 7493.53 7491.97 7490.45 7489.03 7487.73 7486.64 7485.8 7485.26 7485.08 7485.26 7485.8 7486.64 7487.73 7489.03 7490.45 7491.97 7493.53 7495.11 7496.69 7498.25 7499.77 7501.26 7502.69 7504.03 7505.27 7506.36 7507.27 7507.96 7508.39 7508.54 7508.39 7507.96 7507.27 7506.36 7505.27 7504.03 7502.69 7501.26 7499.77 7498.25 
7495.11 7493.44 7491.71 7489.95 7488.2 7486.5 7484.93 7483.56 7482.5 7481.82 7481.58 7481.82 7482.5 7483.56 7484.93 7486.5 7488.2 7489.95 7491.71 7493.44 7495.11 7496.72 7498.25 7499.69 7501.03 7502.27 7503.38 7504.33 7505.11 7505.69 7506.05 7506.18 7506.05 7505.69 7505.11 7504.33 7503.38 7502.27 7501.03 7499.69 7498.25 7496.72 
7493.53 7491.71 7489.77 7487.75 7485.67 7483.61 7481.66 7479.92 7478.53 7477.63 7477.31 7477.63 7478.53 7479.92 7481.66 7483.61 7485.67 7487.75 7489.77 7491.71 7493.53 7495.23 7496.8 7498.25 7499.56 7500.73 7501.75 7502.62 7503.31 7503.82 7504.13 7504.24 7504.13 7503.82 7503.31 7502.62 7501.75 7500.73 7499.56 7498.25 7496.8 7495.23 
7491.97 7489.95 7487.75 7485.38 7482.89 7480.35 7477.87 7475.6 7473.75 7472.51 7472.08 7472.51 7473.75 7475.6 7477.87 7480.35 7482.89 7485.38 7487.75 7489.95 7491.97 7493.81 7495.46 7496.94 7498.25 7499.39 7500.37 7501.18 7501.82 7502.29 7502.57 7502.66 7502.57 7502.29 7501.82 7501.18 7500.37 7499.39 7498.25 7496.94 7495.46 7493.81 
7490.45 7488.2 7485.67 7482.89 7479.89 7476.73 7473.54 7470.52 7467.97 7466.22 7465.59 7466.22 7467.97 7470.52 7473.54 7476.73 7479.89 7482.89 7485.67 7488.2 7490.45 7492.46 7494.23 7495.77 7497.1 7498.25 7499.21 7499.99 7500.6 7501.03 7501.3 7501.38 7501.3 7501.03 7500.6 7499.99 7499.21 7498.25 7497.1 7495.77 7494.23 7492.46 
7489.03 7486.5 7483.61 7480.35 7476.73 7472.79 7468.66 7464.59 7460.98 7458.39 7457.42 7458.39 7460.98 7464.59 7468.66 7472.79 7476.73 7480.35 7483.61 7486.5 7489.03 7491.22 7493.12 7494.74 7496.13 7497.29 7498.25 7499.02 7499.61 7500.03 7500.28 7500.37 7500.28 7500.03 7499.61 7499.02 7498.25 7497.29 7496.13 7494.74 7493.12 7491.22 
7487.73 7484.93 7481.66 7477.87 7473.54 7468.66 7463.33 7457.79 7452.54 7448.49 7446.86 7448.49 7452.54 7457.79 7463.33 7468.66 7473.54 7477.87 7481.66 7484.93 7487.73 7490.13 7492.16 7493.88 7495.31 7496.51 7497.48 7498.25 7498.84 7499.25 7499.49 7499.57 7499.49 7499.25 7498.84 7498.25 7497.48 7496.51 7495.31 7493.88 7492.16 7490.13 
7486.64 7483.56 7479.92 7475.6 7470.52 7464.59 7457.79 7450.23 7442.43 7435.71 7432.55 7435.71 7442.43 7450.23 7457.79 7464.59 7470.52 7475.6 7479.92 7483.56 7486.64 7489.22 7491.38 7493.18 7494.67 7495.9 7496.89 7497.66 7498.25 7498.66 7498.9 7498.98 7498.9 7498.66 7498.25 7497.66 7496.89 7495.9 7494.67 7493.18 7491.38 7489.22 
7485.8 7482.5 7478.53 7473.75 7467.97 7460.98 7452.54 7442.43 7430.77 7418.86 7411.42 7418.86 7430.77 7442.43 7452.54 7460.98 7467.97 7473.75 7478.53 7482.5 7485.8 7488.53 7490.8 7492.67 7494.21 7495.46 7496.47 7497.25 7497.84 7498.25 7498.49 7498.57 7498.49 7498.25 7497.84 7497.25 7496.47 7495.46 7494.21 7492.67 7490.8 7488.53 
7485.26 7481.82 7477.63 7472.51 7466.22 7458.39 7448.49 7435.71 7418.86 7397.02 7374.93 7397.02 7418.86 7435.71 7448.49 7458.39 7466.22 7472.51 7477.63 7481.82 7485.26 7488.1 7490.44 7492.36 7493.93 7495.2 7496.22 7497.01 7497.6 7498.01 7498.25 7498.33 7498.25 7498.01 7497.6 7497.01 7496.22 7495.2 7493.93 7492.36 7490.44 7488.1 
7485.08 7481.58 7477.31 7472.08 7465.59 7457.42 7446.86 7432.55 7411.42 7374.93 7293.83 7374.93 7411.42 7432.55 7446.86 7457.42 7465.59 7472.08 7477.31 7481.58 7485.08 7487.96 7490.32 7492.25 7493.83 7495.11 7496.13 7496.92 7497.52 7497.93 7498.17 7498.25 7498.17 7497.93 7497.52 7496.92 7496.13 7495.11 7493.83 7492.25 7490.32 7487.96 
7485.26 7481.82 7477.63 7472.51 7466.22 7458.39 7448.49 7435.71 7418.86 7397.02 7374.93 7397.02 7418.86 7435.71 7448.49 7458.39 7466.22 7472.51 7477.63 7481.82 7485.26 7488.1 7490.44 7492.36 7493.93 7495.2 7496.22 7497.01 7497.6 7498.01 7498.25 7498.33 7498.25 7498.01 7497.6 7497.01 7496.22 7495.2 7493.93 7492.36 7490.44 7488.1 
7485.8 7482.5 7478.53 7473.75 7467.97 7460.98 7452.54 7442.43 7430.77 7418.86 7411.42 7418.86 7430.77 7442.43 7452.54 7460.98 7467.97 7473.75 7478.53 7482.5 7485.8 7488.53 7490.8 7492.67 7494.21 7495.46 7496.47 7497.25 7497.84 7498.25 7498.49 7498.57 7498.49 7498.25 7497.84 7497.25 7496.47 7495.46 7494.21 7492.67 7490.8 7488.53 
7486.64 7483.56 7479.92 7475.6 7470.52 7464.59 7457.79 7450.23 7442.43 7435.71 7432.55 7435.71 7442.43 7450.23 7457.79 7464.59 7470.52 7475.6 7479.92 7483.56 7486.64 7489.22 7491.38 7493.18 7494.67 7495.9 7496.89 7497.66 7498.25 7498.66 7498.9 7498.98 7498.9 7498.66 7498.25 7497.66 7496.89 7495.9 7494.67 7493.18 7491.38 7489.22 
7487.73 7484.93 7481.66 7477.87 7473.54 7468.66 7463.33 7457.79 7452.54 7448.49 7446.86 7448.49 7452.54 7457.79 7463.33 7468.66 7473.54 7477.87 7481.66 7484.93 7487.73 7490.13 7492.16 7493.88 7495.31 7496.51 7497.48 7498.25 7498.84 7499.25 7499.49 7499.57 7499.49 7499.25 7498.84 7498.25 7497.48 7496.51 7495.31 7493.88 7492.16 7490.13 
7489.03 7486.5 7483.61 7480.35 7476.73 7472.79 7468.66 7464.59 7460.98 7458.39 7457.42 7458.39 7460.98 7464.59 7468.66 7472.79 7476.73 7480.35 7483.61 7486.5 7489.03 7491.22 7493.12 7494.74 7496.13 7497.29 7498.25 7499.02 7499.61 7500.03 7500.28 7500.37 7500.28 7500.03 7499.61 7499.02 7498.25 7497.29 7496.13 7494.74 7493.12 7491.22 
7490.45 7488.2 7485.67 7482.89 7479.89 7476.73 7473.54 7470.52 7467.97 7466.22 7465.59 7466.22 7467.97 7470.52 7473.54 7476.73 7479.89 7482.89 7485.67 7488.2 7490.45 7492.46 7494.23 7495.77 7497.1 7498.25 7499.21 7499.99 7500.6 7501.03 7501.3 7501.38 7501.3 7501.03 7500.6 7499.99 7499.21 7498.25 7497.1 7495.77 7494.23 7492.46 
7491.97 7489.95 7487.75 7485.38 7482.89 7480.35 7477.87 7475.6 7473.75 7472.51 7472.08 7472.51 7473.75 7475.6 7477.87 7480.35 7482.89 7485.38 7487.75 7489.95 7491.97 7493.81 7495.46 7496.94 7498.25 7499.39 7500.37 7501.18 7501.82 7502.29 7502.57 7502.66 7502.57 7502.29 7501.82 7501.18 7500.37 7499.39 7498.25 7496.94 7495.46 7493.81 
7493.53 7491.71 7489.77 7487.75 7485.67 7483.61 7481.66 7479.92 7478.53 7477.63 7477.31 7477.63 7478.53 7479.92 7481.66 7483.61 7485.67 7487.75 7489.77 7491.71 7493.53 7495.23 7496.8 7498.25 7499.56 7500.73 7501.75 7502.62 7503.31 7503.82 7504.13 7504.24 7504.13 7503.82 7503.31 7502.62 7501.75 7500.73 7499.56 7498.25 7496.8 7495.23 
7495.11 7493.44 7491.71 7489.95 7488.2 7486.5 7484.93 7483.56 7482.5 7481.82 7481.58 7481.82 7482.5 7483.56 7484.93 7486.5 7488.2 7489.95 7491.71 7493.44 7495.11 7496.72 7498.25 7499.69 7501.03 7502.27 7503.38 7504.33 7505.11 7505.69 7506.05 7506.18 7506.05 7505.69 7505.11 7504.33 7503.38 7502.27 7501.03 7499.69 7498.25 7496.72 
7496.69 7495.11 7493.53 7491.97 7490.45 7489.03 7487.73 7486.64 7485.8 7485.26 7485.08 7485.26 7485.8 7486.64 7487.73 7489.03 7490.45 7491.97 7493.53 7495.11 7496.69 7498.25 7499.77 7501.26 7502.69 7504.03 7505.27 7506.36 7507.27 7507.96 7508.39 7508.54 7508.39 7507.96 7507.27 7506.36 7505.27 7504.03 7502.69 7501.26 7499.77 7498.25 
7498.25 7496.72 7495.23 7493.81 7492.46 7491.22 7490.13 7489.22 7488.53 7488.1 7487.96 7488.1 7488.53 7489.22 7490.13 7491.22 7492.46 7493.81 7495.23 7496.72 7498.25 7499.8 7501.38 7502.96 7504.52 7506.04 7507.47 7508.76 7509.85 7510.7 7511.23 7511.41 7511.23 7510.7 7509.85 7508.76 7507.47 7506.04 7504.52 7502.96 7501.38 7499.8 
7499.77 7498.25 7496.8 7495.46 7494.23 7493.12 7492.16 7491.38 7490.8 7490.44 7490.32 7490.44 7490.8 7491.38 7492.16 7493.12 7494.23 7495.46 7496.8 7498.25 7499.77 7501.38 7503.06 7504.78 7506.54 7508.3 7509.99 7511.56 7512.93 7513.99 7514.67 7514.91 7514.67 7513.99 7512.93 7511.56 7509.99 7508.3 7506.54 7504.78 7503.06 7501.38 
7501.26 7499.69 7498.25 7496.94 7495.77 7494.74 7493.88 7493.18 7492.67 7492.36 7492.25 7492.36 7492.67 7493.18 7493.88 7494.74 7495.77 7496.94 7498.25 7499.69 7501.26 7502.96 7504.78 7506.72 7508.74 7510.82 7512.88 7514.83 7516.57 7517.96 7518.86 7519.18 7518.86 7517.96 7516.57 7514.83 7512.88 7510.82 7508.74 7506.72 7504.78 7502.96 
7502.69 7501.03 7499.56 7498.25 7497.1 7496.13 7495.31 7494.67 7494.21 7493.93 7493.83 7493.93 7494.21 7494.67 7495.31 7496.13 7497.1 7498.25 7499.56 7501.03 7502.69 7504.52 7506.54 7508.74 7511.11 7513.6 7516.14 7518.62 7520.89 7522.75 7523.98 7524.42 7523.98 7522.75 7520.89 7518.62 7516.14 7513.6 7511.11 7508.74 7506.54 7504.52 
7504.03 7502.27 7500.73 7499.39 7498.25 7497.29 7496.51 7495.9 7495.46 7495.2 7495.11 7495.2 7495.46 7495.9 7496.51 7497.29 7498.25 7499.39 7500.73 7502.27 7504.03 7506.04 7508.3 7510.82 7513.6 7516.6 7519.76 7522.96 7525.97 7528.53 7530.28 7530.92 7530.28 7528.53 7525.97 7522.96 7519.76 7516.6 7513.6 7510.82 7508.3 7506.04 
7505.27 7503.38 7501.75 7500.37 7499.21 7498.25 7497.48 7496.89 7496.47 7496.22 7496.13 7496.22 7496.47 7496.89 7497.48 7498.25 7499.21 7500.37 7501.75 7503.38 7505.27 7507.47 7509.99 7512.88 7516.14 7519.76 7523.71 7527.84 7531.91 7535.53 7538.12 7539.1 7538.12 7535.53 7531.91 7527.84 7523.71 7519.76 7516.14 7512.88 7509.99 7507.47 
7506.36 7504.33 7502.62 7501.18 7499.99 7499.02 7498.25 7497.66 7497.25 7497.01 7496.92 7497.01 7497.25 7497.66 7498.25 7499.02 7499.99 7501.18 7502.62 7504.33 7506.36 7508.76 7511.56 7514.83 7518.62 7522.96 7527.84 7533.17 7538.73 7543.99 7548.04 7549.68 7548.04 7543.99 7538.73 7533.17 7527.84 7522.96 7518.62 7514.83 7511.56 7508.76 
7507.27 7505.11 7503.31 7501.82 7500.6 7499.61 7498.84 7498.25 7497.84 7497.6 7497.52 7497.6 7497.84 7498.25 7498.84 7499.61 7500.6 7501.82 7503.31 7505.11 7507.27 7509.85 7512.93 7516.57 7520.89 7525.97 7531.91 7538.73 7546.3 7554.12 7560.87 7564.04 7560.87 7554.12 7546.3 7538.73 7531.91 7525.97 7520.89 7516.57 7512.93 7509.85 
7507.96 7505.69 7503.82 7502.29 7501.03 7500.03 7499.25 7498.66 7498.25 7498.01 7497.93 7498.01 7498.25 7498.66 7499.25 7500.03 7501.03 7502.29 7503.82 7505.69 7507.96 7510.7 7513.99 7517.96 7522.75 7528.53 7535.53 7543.99 7554.12 7565.82 7577.78 7585.25 7577.78 7565.82 7554.12 7543.99 7535.53 7528.53 7522.75 7517.96 7513.99 7510.7 
7508.39 7506.05 7504.13 7502.57 7501.3 7500.28 7499.49 7498.9 7498.49 7498.25 7498.17 7498.25 7498.49 7498.9 7499.49 7500.28 7501.3 7502.57 7504.13 7506.05 7508.39 7511.23 7514.67 7518.86 7523.98 7530.28 7538.12 7548.04 7560.87 7577.78 7599.73 7621.97 7599.73 7577.78 7560.87 7548.04 7538.12 7530.28 7523.98 7518.86 7514.67 7511.23 
7508.54 7506.18 7504.24 7502.66 7501.38 7500.37 7499.57 7498.98 7498.57 7498.33 7498.25 7498.33 7498.57 7498.98 7499.57 7500.37 7501.38 7502.66 7504.24 7506.18 7508.54 7511.41 7514.91 7519.18 7524.42 7530.92 7539.1 7549.68 7564.04 7585.25 7621.97 7703.84 7621.97 7585.25 7564.04 7549.68 7539.1 7530.92 7524.42 7519.18 7514.91 7511.41 
7508.39 7506.05 7504.13 7502.57 7501.3 7500.28 7499.49 7498.9 7498.49 7498.25 7498.17 7498.25 7498.49 7498.9 7499.49 7500.28 7501.3 7502.57 7504.13 7506.05 7508.39 7511.23 7514.67 7518.86 7523.98 7530.28 7538.12 7548.04 7560.87 7577.78 7599.73 7621.97 7599.73 7577.78 7560.87 7548.04 7538.12 7530.28 7523.98 7518.86 7514.67 7511.23 
7507.96 7505.69 7503.82 7502.29 7501.03 7500.03 7499.25 7498.66 7498.25 7498.01 7497.93 7498.01 7498.25 7498.66 7499.25 7500.03 7501.03 7502.29 7503.82 7505.69 7507.96 7510.7 7513.99 7517.96 7522.75 7528.53 7535.53 7543.99 7554.12 7565.82 7577.78 7585.25 7577.78 7565.82 7554.12 7543.99 7535.53 7528.53 7522.75 7517.96 7513.99 7510.7 
7507.27 7505.11 7503.31 7501.82 7500.6 7499.61 7498.84 7498.25 7497.84 7497.6 7497.52 7497.6 7497.84 7498.25 7498.84 7499.61 7500.6 7501.82 7503.31 7505.11 7507.27 7509.85 7512.93 7516.57 7520.89 7525.97 7531.91 7538.73 7546.3 7554.12 7560.87 7564.04 7560.87 7554.12 7546.3 7538.73 7531.91 7525.97 7520.89 7516.57 7512.93 7509.85 
7506.36 7504.33 7502.62 7501.18 7499.99 7499.02 7498.25 7497.66 7497.25 7497.01 7496.92 7497.01 7497.25 7497.66 7498.25 7499.02 7499.99 7501.18 7502.62 7504.33 7506.36 7508.76 7511.56 7514.83 7518.62 7522.96 7527.84 7533.17 7538.73 7543.99 7548.04 7549.68 7548.04 7543.99 7538.73 7533.17 7527.84 7522.96 7518.62 7514.83 7511.56 7508.76 
7505.27 7503.38 7501.75 7500.37 7499.21 7498.25 7497.48 7496.89 7496.47 7496.22 7496.13 7496.22 7496.47 7496.89 7497.48 7498.25 7499.21 7500.37 7501.75 7503.38 7505.27 7507.47 7509.99 7512.88 7516.14 7519.76 7523.71 7527.84 7531.91 7535.53 7538.12 7539.1 7538.12 7535.53 7531.91 7527.84 7523.71 7519.76 7516.14 7512.88 7509.99 7507.47 
7504.03 7502.27 7500.73 7499.39 7498.25 7497.29 7496.51 7495.9 7495.46 7495.2 7495.11 7495.2 7495.46 7495.9 7496.51 7497.29 7498.25 7499.39 7500.73 7502.27 7504.03 7506.04 7508.3 7510.82 7513.6 7516.6 7519.76 7522.96 7525.97 7528.53 7530.28 7530.92 7530.28 7528.53 7525.97 7522.96 7519.76 7516.6 7513.6 7510.82 7508.3 7506.04 
7502.69 7501.03 7499.56 7498.25 7497.1 7496.13 7495.31 7494.67 7494.21 7493.93 7493.83 7493.93 7494.21 7494.67 7495.31 7496.13 7497.1 7498.25 7499.56 7501.03 7502.69 7504.52 7506.54 7508.74 7511.11 7513.6 7516.14 7518.62 7520.89 7522.75 7523.98 7524.42 7523.98 7522.75 7520.89 7518.62 7516.14 7513.6 7511.11 7508.74 7506.54 7504.52 
7501.26 7499.69 7498.25 7496.94 7495.77 7494.74 7493.88 7493.18 7492.67 7492.36 7492.25 7492.36 7492.67 7493.18 7493.88 7494.74 7495.77 7496.94 7498.25 7499.69 7501.26 7502.96 7504.78 7506.72 7508.74 7510.82 7512.88 7514.83 7516.57 7517.96 7518.86 7519.18 7518.86 7517.96 7516.57 7514.83 7512.88 7510.82 7508.74 7506.72 7504.78 7502.96 
7499.77 7498.25 7496.8 7495.46 7494.23 7493.12 7492.16 7491.38 7490.8 7490.44 7490.32 7490.44 7490.8 7491.38 7492.16 7493.12 7494.23 7495.46 7496.8 7498.25 7499.77 7501.38 7503.06 7504.78 7506.54 7508.3 7509.99 7511.56 7512.93 7513.99 7514.67 7514.91 7514.67 7513.99 7512.93 7511.56 7509.99 7508.3 7506.54 7504.78 7503.06 7501.38 
7498.25 7496.72 7495.23 7493.81 7492.46 7491.22 7490.13 7489.22 7488.53 7488.1 7487.96 7488.1 7488.53 7489.22 7490.13 7491.22 7492.46 7493.81 7495.23 7496.72 7498.25 7499.8 7501.38 7502.96 7504.52 7506.04 7507.47 7508.76 7509.85 7510.7 7511.23 7511.41 7511.23 7510.7 7509.85 7508.76 7507.47 7506.04 7504.52 7502.96 7501.38 7499.8 
