7495.12 7492 7488.92 7485.95 7483.15 7480.57 7478.3 7476.42 7475.01 7474.13 7473.83 7474.13 7475.01 7476.42 7478.3 7480.57 7483.15 7485.95 7488.92 7492 7495.12 7498.24 7501.31 7504.28 7507.11 7509.75 7512.13 7514.2 7515.89 7517.15 7517.92 7518.18 7517.92 7517.15 7515.89 7514.2 7512.13 7509.75 7507.11 7504.28 7501.31 7498.24 
7492 7488.77 7485.55 7482.37 7479.32 7476.47 7473.92 7471.76 7470.12 7469.09 7468.74 7469.09 7470.12 7471.76 7473.92 7476.47 7479.32 7482.37 7485.55 7488.77 7492 7495.16 7498.24 7501.17 7503.91 7506.43 7508.68 7510.6 7512.16 7513.31 7514.01 7514.25 7514.01 7513.31 7512.16 7510.6 7508.68 7506.43 7503.91 7501.17 7498.24 7495.16 
7488.92 7485.55 7482.11 7478.66 7475.28 7472.06 7469.11 7466.58 7464.61 7463.35 7462.92 7463.35 7464.61 7466.58 7469.11 7472.06 7475.28 7478.66 7482.11 7485.55 7488.92 7492.19 7495.31 7498.24 7500.94 7503.4 7505.56 7507.39 7508.86 7509.93 7510.58 7510.81 7510.58 7509.93 7508.86 7507.39 7505.56 7503.4 7500.94 7498.24 7495.31 7492.19 
7485.95 7482.37 7478.66 7474.87 7471.07 7467.35 7463.87 7460.8 7458.36 7456.77 7456.21 7456.77 7458.36 7460.8 7463.87 7467.35 7471.07 7474.87 7478.66 7482.37 7485.95 7489.36 7492.56 7495.53 7498.24 7500.66 7502.77 7504.54 7505.96 7506.98 7507.6 7507.81 7507.6 7506.98 7505.96 7504.54 7502.77 7500.66 7498.24 7495.53 7492.56 7489.36 
7483.15 7479.32 7475.28 7471.07 7466.74 7462.4 7458.2 7454.38 7451.23 7449.12 7448.37 7449.12 7451.23 7454.38 7458.2 7462.4 7466.74 7471.07 7475.28 7479.32 7483.15 7486.72 7490.04 7493.08 7495.81 7498.24 7500.33 7502.07 7503.45 7504.44 7505.05 7505.25 7505.05 7504.44 7503.45 7502.07 7500.33 7498.24 7495.81 7493.08 7490.04 7486.72 
7480.57 7476.47 7472.06 7467.35 7462.4 7457.27 7452.13 7447.25 7443.04 7440.09 7438.99 7440.09 7443.04 7447.25 7452.13 7457.27 7462.4 7467.35 7472.06 7476.47 7480.57 7484.35 7487.8 7490.92 7493.7 7496.14 7498.24 7499.97 7501.33 7502.31 7502.9 7503.09 7502.9 7502.31 7501.33 7499.97 7498.24 7496.14 7493.7 7490.92 7487.8 7484.35 
7478.3 7473.92 7469.11 7463.87 7458.2 7452.13 7445.78 7439.42 7433.57 7429.16 7427.4 7429.16 7433.57 7439.42 7445.78 7452.13 7458.2 7463.87 7469.11 7473.92 7478.3 7482.28 7485.87 7489.09 7491.93 7494.4 7496.51 7498.24 7499.59 7500.56 7501.15 7501.34 7501.15 7500.56 7499.59 7498.24 7496.51 7494.4 7491.93 7489.09 7485.87 7482.28 
7476.42 7471.76 7466.58 7460.8 7454.38 7447.25 7439.42 7431.04 7422.64 7415.55 7412.27 7415.55 7422.64 7431.04 7439.42 7447.25 7454.38 7460.8 7466.58 7471.76 7476.42 7480.59 7484.32 7487.62 7490.52 7493.02 7495.15 7496.88 7498.24 7499.2 7499.79 7499.98 7499.79 7499.2 7498.24 7496.88 7495.15 7493.02 7490.52 7487.62 7484.32 7480.59 
7475.01 7470.12 7464.61 7458.36 7451.23 7443.04 7433.57 7422.64 7410.38 7398.1 7390.54 7398.1 7410.38 7422.64 7433.57 7443.04 7451.23 7458.36 7464.61 7470.12 7475.01 7479.34 7483.17 7486.55 7489.49 7492.03 7494.17 7495.91 7497.27 7498.24 7498.82 7499.01 7498.82 7498.24 7497.27 7495.91 7494.17 7492.03 7489.49 7486.55 7483.17 7479.34 
7474.13 7469.09 7463.35 7456.77 7449.12 7440.09 7429.16 7415.55 7398.1 7375.9 7353.7 7375.9 7398.1 7415.55 7429.16 7440.09 7449.12 7456.77 7463.35 7469.09 7474.13 7478.56 7482.47 7485.89 7488.87 7491.43 7493.58 7495.33 7496.69 7497.66 7498.24 7498.43 7498.24 7497.66 7496.69 7495.33 7493.58 7491.43 7488.87 7485.89 7482.47 7478.56 
7473.83 7468.74 7462.92 7456.21 7448.37 7438.99 7427.4 7412.27 7390.54 7353.7 7272.52 7353.7 7390.54 7412.27 7427.4 7438.99 7448.37 7456.21 7462.92 7468.74 7473.83 7478.3 7482.23 7485.67 7488.66 7491.22 7493.38 7495.13 7496.49 7497.46 7498.04 7498.24 7498.04 7497.46 7496.49 7495.13 7493.38 7491.22 7488.66 7485.67 7482.23 7478.3 
7474.13 7469.09 7463.35 7456.77 7449.12 7440.09 7429.16 7415.55 7398.1 7375.9 7353.7 7375.9 7398.1 7415.55 7429.16 7440.09 7449.12 7456.77 7463.35 7469.09 7474.13 7478.56 7482.47 7485.89 7488.87 7491.43 7493.58 7495.33 7496.69 7497.66 7498.24 7498.43 7498.24 7497.66 7496.69 7495.33 7493.58 7491.43 7488.87 7485.89 7482.47 7478.56 
7475.01 7470.12 7464.61 7458.36 7451.23 7443.04 7433.57 7422.64 7410.38 7398.1 7390.54 7398.1 7410.38 7422.64 7433.57 7443.04 7451.23 7458.36 7464.61 7470.12 7475.01 7479.34 7483.17 7486.55 7489.49 7492.03 7494.17 7495.91 7497.27 7498.24 7498.82 7499.01 7498.82 7498.24 7497.27 7495.91 7494.17 7492.03 7489.49 7486.55 7483.17 7479.34 
7476.42 7471.76 7466.58 7460.8 7454.38 7447.25 7439.42 7431.04 7422.64 7415.55 7412.27 7415.55 7422.64 7431.04 7439.42 7447.25 7454.38 7460.8 7466.58 7471.76 7476.42 7480.59 7484.32 7487.62 7490.52 7493.02 7495.15 7496.88 7498.24 7499.2 7499.79 7499.98 7499.79 7499.2 7498.24 7496.88 7495.15 7493.02 7490.52 7487.62 7484.32 7480.59 
7478.3 7473.92 7469.11 7463.87 7458.2 7452.13 7445.78 7439.42 7433.57 7429.16 7427.4 7429.16 7433.57 7439.42 7445.78 7452.13 7458.2 7463.87 7469.11 7473.92 7478.3 7482.28 7485.87 7489.09 7491.93 7494.4 7496.51 7498.24 7499.59 7500.56 7501.15 7501.34 7501.15 7500.56 7499.59 7498.24 7496.51 7494.4 7491.93 7489.09 7485.87 7482.28 
7480.57 7476.47 7472.06 7467.35 7462.4 7457.27 7452.13 7447.25 7443.04 7440.09 7438.99 7440.09 7443.04 7447.25 7452.13 7457.27 7462.4 7467.35 7472.06 7476.47 7480.57 7484.35 7487.8 7490.92 7493.7 7496.14 7498.24 7499.97 7501.33 7502.31 7502.9 7503.09 7502.9 7502.31 7501.33 7499.97 7498.24 7496.14 7493.7 7490.92 7487.8 7484.35 
7483.15 7479.32 7475.28 7471.07 7466.74 7462.4 7458.2 7454.38 7451.23 7449.12 7448.37 7449.12 7451.23 7454.38 7458.2 7462.4 7466.74 7471.07 7475.28 7479.32 7483.15 7486.72 7490.04 7493.08 7495.81 7498.24 7500.33 7502.07 7503.45 7504.44 7505.05 7505.25 7505.05 7504.44 7503.45 7502.07 7500.33 7498.24 7495.81 7493.08 7490.04 7486.72 
7485.95 7482.37 7478.66 7474.87 7471.07 7467.35 7463.87 7460.8 7458.36 7456.77 7456.21 7456.77 7458.36 7460.8 7463.87 7467.35 7471.07 7474.87 7478.66 7482.37 7485.95 7489.36 7492.56 7495.53 7498.24 7500.66 7502.77 7504.54 7505.96 7506.98 7507.6 7507.81 7507.6 7506.98 7505.96 7504.54 7502.77 7500.66 7498.24 7495.53 7492.56 7489.36 
7488.92 7485.55 7482.11 7478.66 7475.28 7472.06 7469.11 7466.58 7464.61 7463.35 7462.92 7463.35 7464.61 7466.58 7469.11 7472.06 7475.28 7478.66 7482.11 7485.55 7488.92 7492.19 7495.31 7498.24 7500.94 7503.4 7505.56 7507.39 7508.86 7509.93 7510.58 7510.81 7510.58 7509.93 7508.86 7507.39 7505.56 7503.4 7500.94 7498.24 7495.31 7492.19 
7492 7488.77 7485.55 7482.37 7479.32 7476.47 7473.92 7471.76 7470.12 7469.09 7468.74 7469.09 7470.12 7471.76 7473.92 7476.47 7479.32 7482.37 7485.55 7488.77 7492 7495.16 7498.24 7501.17 7503.91 7506.43 7508.68 7510.6 7512.16 7513.31 7514.01 7514.25 7514.01 7513.31 7512.16 7510.6 7508.68 7506.43 7503.91 7501.17 7498.24 7495.16 
7495.12 7492 7488.92 7485.95 7483.15 7480.57 7478.3 7476.42 7475.01 7474.13 7473.83 7474.13 7475.01 7476.42 7478.3 7480.57 7483.15 7485.95 7488.92 7492 7495.12 7498.24 7501.31 7504.28 7507.11 7509.75 7512.13 7514.2 7515.89 7517.15 7517.92 7518.18 7517.92 7517.15 7515.89 7514.2 7512.13 7509.75 7507.11 7504.28 7501.31 7498.24 
7498.24 7495.16 7492.19 7489.36 7486.72 7484.35 7482.28 7480.59 7479.34 7478.56 7478.3 7478.56 7479.34 7480.59 7482.28 7484.35 7486.72 7489.36 7492.19 7495.16 7498.24 7501.36 7504.48 7507.55 7510.52 7513.33 7515.91 7518.18 7520.06 7521.48 7522.36 7522.66 7522.36 7521.48 7520.06 7518.18 7515.91 7513.33 7510.52 7507.55 7504.48 7501.36 
7501.31 7498.24 7495.31 7492.56 7490.04 7487.8 7485.87 7484.32 7483.17 7482.47 7482.23 7482.47 7483.17 7484.32 7485.87 7487.8 7490.04 7492.56 7495.31 7498.24 7501.31 7504.48 7507.7 7510.93 7514.1 7517.16 7520.01 7522.57 7524.73 7526.37 7527.4 7527.76 7527.4 7526.37 7524.73 7522.57 7520.01 7517.16 7514.1 7510.93 7507.7 7504.48 
7504.28 7501.17 7498.24 7495.53 7493.08 7490.92 7489.09 7487.62 7486.55 7485.89 7485.67 7485.89 7486.55 7487.62 7489.09 7490.92 7493.08 7495.53 7498.24 7501.17 7504.28 7507.55 7510.93 7514.37 7517.82 7521.2 7524.43 7527.38 7529.92 7531.89 7533.15 7533.58 7533.15 7531.89 7529.92 7527.38 7524.43 7521.2 7517.82 7514.37 7510.93 7507.55 
7507.11 7503.91 7500.94 7498.24 7495.81 7493.7 7491.93 7490.52 7489.49 7488.87 7488.66 7488.87 7489.49 7490.52 7491.93 7493.7 7495.81 7498.24 7500.94 7503.91 7507.11 7510.52 7514.1 7517.82 7521.62 7525.43 7529.14 7532.63 7535.7 7538.15 7539.75 7540.31 7539.75 7538.15 7535.7 7532.63 7529.14 7525.43 7521.62 7517.82 7514.1 7510.52 
7509.75 7506.43 7503.4 7500.66 7498.24 7496.14 7494.4 7493.02 7492.03 7491.43 7491.22 7491.43 7492.03 7493.02 7494.4 7496.14 7498.24 7500.66 7503.4 7506.43 7509.75 7513.33 7517.16 7521.2 7525.43 7529.76 7534.11 7538.31 7542.14 7545.3 7547.42 7548.17 7547.42 7545.3 7542.14 7538.31 7534.11 7529.76 7525.43 7521.2 7517.16 7513.33 
7512.13 7508.68 7505.56 7502.77 7500.33 7498.24 7496.51 7495.15 7494.17 7493.58 7493.38 7493.58 7494.17 7495.15 7496.51 7498.24 7500.33 7502.77 7505.56 7508.68 7512.13 7515.91 7520.01 7524.43 7529.14 7534.11 7539.24 7544.4 7549.29 7553.51 7556.48 7557.58 7556.48 7553.51 7549.29 7544.4 7539.24 7534.11 7529.14 7524.43 7520.01 7515.91 
7514.2 7510.6 7507.39 7504.54 7502.07 7499.97 7498.24 7496.88 7495.91 7495.33 7495.13 7495.33 7495.91 7496.88 7498.24 7499.97 7502.07 7504.54 7507.39 7510.6 7514.2 7518.18 7522.57 7527.38 7532.63 7538.31 7544.4 7550.76 7557.15 7563.02 7567.45 7569.21 7567.45 7563.02 7557.15 7550.76 7544.4 7538.31 7532.63 7527.38 7522.57 7518.18 
7515.89 7512.16 7508.86 7505.96 7503.45 7501.33 7499.59 7498.24 7497.27 7496.69 7496.49 7496.69 7497.27 7498.24 7499.59 7501.33 7503.45 7505.96 7508.86 7512.16 7515.89 7520.06 7524.73 7529.92 7535.7 7542.14 7549.29 7557.15 7565.56 7573.99 7581.12 7584.41 7581.12 7573.99 7565.56 7557.15 7549.29 7542.14 7535.7 7529.92 7524.73 7520.06 
7517.15 7513.31 7509.93 7506.98 7504.44 7502.31 7500.56 7499.2 7498.24 7497.66 7497.46 7497.66 7498.24 7499.2 7500.56 7502.31 7504.44 7506.98 7509.93 7513.31 7517.15 7521.48 7526.37 7531.89 7538.15 7545.3 7553.51 7563.02 7573.99 7586.31 7598.66 7606.26 7598.66 7586.31 7573.99 7563.02 7553.51 7545.3 7538.15 7531.89 7526.37 7521.48 
7517.92 7514.01 7510.58 7507.6 7505.05 7502.9 7501.15 7499.79 7498.82 7498.24 7498.04 7498.24 7498.82 7499.79 7501.15 7502.9 7505.05 7507.6 7510.58 7514.01 7517.92 7522.36 7527.4 7533.15 7539.75 7547.42 7556.48 7567.45 7581.12 7598.66 7621 7643.38 7621 7598.66 7581.12 7567.45 7556.48 7547.42 7539.75 7533.15 7527.4 7522.36 
7518.18 7514.25 7510.81 7507.81 7505.25 7503.09 7501.34 7499.98 7499.01 7498.43 7498.24 7498.43 7499.01 7499.98 7501.34 7503.09 7505.25 7507.81 7510.81 7514.25 7518.18 7522.66 7527.76 7533.58 7540.31 7548.17 7557.58 7569.21 7584.41 7606.26 7643.38 7725.44 7643.38 7606.26 7584.41 7569.21 7557.58 7548.17 7540.31 7533.58 7527.76 7522.66 
7517.92 7514.01 7510.58 7507.6 7505.05 7502.9 7501.15 7499.79 7498.82 7498.24 7498.04 7498.24 7498.82 7499.79 7501.15 7502.9 7505.05 7507.6 7510.58 7514.01 7517.92 7522.36 7527.4 7533.15 7539.75 7547.42 7556.48 7567.45 7581.12 7598.66 7621 7643.38 7621 7598.66 7581.12 7567.45 7556.48 7547.42 7539.75 7533.15 7527.4 7522.36 
7517.15 7513.31 7509.93 7506.98 7504.44 7502.31 7500.56 7499.2 7498.24 7497.66 7497.46 7497.66 7498.24 7499.2 7500.56 7502.31 7504.44 7506.98 7509.93 7513.31 7517.15 7521.48 7526.37 7531.89 7538.15 7545.3 7553.51 7563.02 7573.99 7586.31 7598.66 7606.26 7598.66 7586.31 7573.99 7563.02 7553.51 7545.3 7538.15 7531.89 7526.37 7521.48 
7515.89 7512.16 7508.86 7505.96 7503.45 7501.33 7499.59 7498.24 7497.27 7496.69 7496.49 7496.69 7497.27 7498.24 7499.59 7501.33 7503.45 7505.96 7508.86 7512.16 7515.89 7520.06 7524.73 7529.92 7535.7 7542.14 7549.29 7557.15 7565.56 7573.99 7581.12 7584.41 7581.12 7573.99 7565.56 7557.15 7549.29 7542.14 7535.7 7529.92 7524.73 7520.06 
7514.2 7510.6 7507.39 7504.54 7502.07 7499.97 7498.24 7496.88 7495.91 7495.33 7495.13 7495.33 7495.91 7496.88 7498.24 7499.97 7502.07 7504.54 7507.39 7510.6 7514.2 7518.18 7522.57 7527.38 7532.63 7538.31 7544.4 7550.76 7557.15 7563.02 7567.45 7569.21 7567.45 7563.02 7557.15 7550.76 7544.4 7538.31 7532.63 7527.38 7522.57 7518.18 
7512.13 7508.68 7505.56 7502.77 7500.33 7498.24 7496.51 7495.15 7494.17 7493.58 7493.38 7493.58 7494.17 7495.15 7496.51 7498.24 7500.33 7502.77 7505.56 7508.68 7512.13 7515.91 7520.01 7524.43 7529.14 7534.11 7539.24 7544.4 7549.29 7553.51 7556.48 7557.58 7556.48 7553.51 7549.29 7544.4 7539.24 7534.11 7529.14 7524.43 7520.01 7515.91 
7509.75 7506.43 7503.4 7500.66 7498.24 7496.14 7494.4 7493.02 7492.03 7491.43 7491.22 7491.43 7492.03 7493.02 7494.4 7496.14 7498.24 7500.66 7503.4 7506.43 7509.75 7513.33 7517.16 7521.2 7525.43 7529.76 7534.11 7538.31 7542.14 7545.3 7547.42 7548.17 7547.42 7545.3 7542.14 7538.31 7534.11 7529.76 7525.43 7521.2 7517.16 7513.33 
7507.11 7503.91 7500.94 7498.24 7495.81 7493.7 7491.93 7490.52 7489.49 7488.87 7488.66 7488.87 7489.49 7490.52 7491.93 7493.7 7495.81 7498.24 7500.94 7503.91 7507.11 7510.52 7514.1 7517.82 7521.62 7525.43 7529.14 7532.63 7535.7 7538.15 7539.75 7540.31 7539.75 7538.15 7535.7 7532.63 7529.14 7525.43 7521.62 7517.82 7514.1 7510.52 
7504.28 7501.17 7498.24 7495.53 7493.08 7490.92 7489.09 7487.62 7486.55 7485.89 7485.67 7485.89 7486.55 7487.62 7489.09 7490.92 7493.08 7495.53 7498.24 7501.17 7504.28 7507.55 7510.93 7514.37 7517.82 7521.2 7524.43 7527.38 7529.92 7531.89 7533.15 7533.58 7533.15 7531.89 7529.92 7527.38 7524.43 7521.2 7517.82 7514.37 7510.93 7507.55 
7501.31 7498.24 7495.31 7492.56 7490.04 7487.8 7485.87 7484.32 7483.17 7482.47 7482.23 7482.47 7483.17 7484.32 7485.87 7487.8 7490.04 7492.56 7495.31 7498.24 7501.31 7504.48 7507.7 7510.93 7514.1 7517.16 7520.01 7522.57 7524.73 7526.37 7527.4 7527.76 7527.4 7526.37 7524.73 7522.57 7520.01 7517.16 7514.1 7510.93 7507.7 7504.48 
7498.24 7495.16 7492.19 7489.36 7486.72 7484.35 7482.28 7480.59 7479.34 7478.56 7478.3 7478.56 7479.34 7480.59 7482.28 7484.35 7486.72 7489.36 7492.19 7495.16 7498.24 7501.36 7504.48 7507.55 7510.52 7513.33 7515.91 7518.18 7520.06 7521.48 7522.36 7522.66 7522.36 7521.48 7520.06 7518.18 7515.91 7513.33 7510.52 7507.55 7504.48 7501.36 
