7495.45 7492.67 7489.91 7487.25 7484.72 7482.39 7480.33 7478.61 7477.32 7476.51 7476.24 7476.51 7477.32 7478.61 7480.33 7482.39 7484.72 7487.25 7489.91 7492.67 7495.45 7498.24 7500.98 7503.63 7506.16 7508.52 7510.65 7512.51 7514.03 7515.17 7515.87 7516.11 7515.87 7515.17 7514.03 7512.51 7510.65 7508.52 7506.16 7503.63 7500.98 7498.24 
7492.67 7489.77 7486.87 7484 7481.22 7478.62 7476.27 7474.29 7472.77 7471.81 7471.48 7471.81 7472.77 7474.29 7476.27 7478.62 7481.22 7484 7486.87 7489.77 7492.67 7495.5 7498.24 7500.85 7503.29 7505.53 7507.53 7509.25 7510.64 7511.66 7512.29 7512.51 7512.29 7511.66 7510.64 7509.25 7507.53 7505.53 7503.29 7500.85 7498.24 7495.5 
7489.91 7486.87 7483.75 7480.61 7477.5 7474.53 7471.79 7469.42 7467.57 7466.39 7465.98 7466.39 7467.57 7469.42 7471.79 7474.53 7477.5 7480.61 7483.75 7486.87 7489.91 7492.84 7495.63 7498.24 7500.65 7502.82 7504.73 7506.36 7507.66 7508.61 7509.19 7509.38 7509.19 7508.61 7507.66 7506.36 7504.73 7502.82 7500.65 7498.24 7495.63 7492.84 
7487.25 7484 7480.61 7477.11 7473.59 7470.12 7466.85 7463.95 7461.63 7460.11 7459.58 7460.11 7461.63 7463.95 7466.85 7470.12 7473.59 7477.11 7480.61 7484 7487.25 7490.32 7493.18 7495.83 7498.24 7500.39 7502.25 7503.82 7505.06 7505.96 7506.51 7506.69 7506.51 7505.96 7505.06 7503.82 7502.25 7500.39 7498.24 7495.83 7493.18 7490.32 
7484.72 7481.22 7477.5 7473.59 7469.54 7465.44 7461.46 7457.8 7454.78 7452.74 7452.01 7452.74 7454.78 7457.8 7461.46 7465.44 7469.54 7473.59 7477.5 7481.22 7484.72 7487.96 7490.94 7493.66 7496.09 7498.24 7500.09 7501.62 7502.83 7503.7 7504.23 7504.41 7504.23 7503.7 7502.83 7501.62 7500.09 7498.24 7496.09 7493.66 7490.94 7487.96 
7482.39 7478.62 7474.53 7470.12 7465.44 7460.56 7455.63 7450.92 7446.83 7443.95 7442.88 7443.95 7446.83 7450.92 7455.63 7460.56 7465.44 7470.12 7474.53 7478.62 7482.39 7485.83 7488.95 7491.74 7494.23 7496.39 7498.24 7499.76 7500.95 7501.81 7502.33 7502.5 7502.33 7501.81 7500.95 7499.76 7498.24 7496.39 7494.23 7491.74 7488.95 7485.83 
7480.33 7476.27 7471.79 7466.85 7461.46 7455.63 7449.49 7443.29 7437.57 7433.23 7431.5 7433.23 7437.57 7443.29 7449.49 7455.63 7461.46 7466.85 7471.79 7476.27 7480.33 7483.97 7487.23 7490.12 7492.66 7494.86 7496.72 7498.24 7499.43 7500.27 7500.78 7500.96 7500.78 7500.27 7499.43 7498.24 7496.72 7494.86 7492.66 7490.12 7487.23 7483.97 
7478.61 7474.29 7469.42 7463.95 7457.8 7450.92 7443.29 7435.08 7426.8 7419.78 7416.53 7419.78 7426.8 7435.08 7443.29 7450.92 7457.8 7463.95 7469.42 7474.29 7478.61 7482.45 7485.84 7488.82 7491.42 7493.65 7495.53 7497.05 7498.24 7499.09 7499.59 7499.76 7499.59 7499.09 7498.24 7497.05 7495.53 7493.65 7491.42 7488.82 7485.84 7482.45 
7477.32 7472.77 7467.57 7461.63 7454.78 7446.83 7437.57 7426.8 7414.66 7402.45 7394.92 7402.45 7414.66 7426.8 7437.57 7446.83 7454.78 7461.63 7467.57 7472.77 7477.32 7481.32 7484.82 7487.87 7490.52 7492.78 7494.67 7496.21 7497.39 7498.24 7498.75 7498.92 7498.75 7498.24 7497.39 7496.21 7494.67 7492.78 7490.52 7487.87 7484.82 7481.32 
7476.51 7471.81 7466.39 7460.11 7452.74 7443.95 7433.23 7419.78 7402.45 7380.33 7358.14 7380.33 7402.45 7419.78 7433.23 7443.95 7452.74 7460.11 7466.39 7471.81 7476.51 7480.61 7484.19 7487.29 7489.97 7492.25 7494.15 7495.7 7496.89 7497.73 7498.24 7498.41 7498.24 7497.73 7496.89 7495.7 7494.15 7492.25 7489.97 7487.29 7484.19 7480.61 
7476.24 7471.48 7465.98 7459.58 7452.01 7442.88 7431.5 7416.53 7394.92 7358.14 7276.98 7358.14 7394.92 7416.53 7431.5 7442.88 7452.01 7459.58 7465.98 7471.48 7476.24 7480.38 7483.98 7487.1 7489.79 7492.07 7493.98 7495.53 7496.72 7497.57 7498.07 7498.24 7498.07 7497.57 7496.72 7495.53 7493.98 7492.07 7489.79 7487.1 7483.98 7480.38 
7476.51 7471.81 7466.39 7460.11 7452.74 7443.95 7433.23 7419.78 7402.45 7380.33 7358.14 7380.33 7402.45 7419.78 7433.23 7443.95 7452.74 7460.11 7466.39 7471.81 7476.51 7480.61 7484.19 7487.29 7489.97 7492.25 7494.15 7495.7 7496.89 7497.73 7498.24 7498.41 7498.24 7497.73 7496.89 7495.7 7494.15 7492.25 7489.97 7487.29 7484.19 7480.61 
7477.32 7472.77 7467.57 7461.63 7454.78 7446.83 7437.57 7426.8 7414.66 7402.45 7394.92 7402.45 7414.66 7426.8 7437.57 7446.83 7454.78 7461.63 7467.57 7472.77 7477.32 7481.32 7484.82 7487.87 7490.52 7492.78 7494.67 7496.21 7497.39 7498.24 7498.75 7498.92 7498.75 7498.24 7497.39 7496.21 7494.67 7492.78 7490.52 7487.87 7484.82 7481.32 
7478.61 7474.29 7469.42 7463.95 7457.8 7450.92 7443.29 7435.08 7426.8 7419.78 7416.53 7419.78 7426.8 7435.08 7443.29 7450.92 7457.8 7463.95 7469.42 7474.29 7478.61 7482.45 7485.84 7488.82 7491.42 7493.65 7495.53 7497.05 7498.24 7499.09 7499.59 7499.76 7499.59 7499.09 7498.24 7497.05 7495.53 7493.65 7491.42 7488.82 7485.84 7482.45 
7480.33 7476.27 7471.79 7466.85 7461.46 7455.63 7449.49 7443.29 7437.57 7433.23 7431.5 7433.23 7437.57 7443.29 7449.49 7455.63 7461.46 7466.85 7471.79 7476.27 7480.33 7483.97 7487.23 7490.12 7492.66 7494.86 7496.72 7498.24 7499.43 7500.27 7500.78 7500.96 7500.78 7500.27 7499.43 7498.24 7496.72 7494.86 7492.66 7490.12 7487.23 7483.97 
7482.39 7478.62 7474.53 7470.12 7465.44 7460.56 7455.63 7450.92 7446.83 7443.95 7442.88 7443.95 7446.83 7450.92 7455.63 7460.56 7465.44 7470.12 7474.53 7478.62 7482.39 7485.83 7488.95 7491.74 7494.23 7496.39 7498.24 7499.76 7500.95 7501.81 7502.33 7502.5 7502.33 7501.81 7500.95 7499.76 7498.24 7496.39 7494.23 7491.74 7488.95 7485.83 
7484.72 7481.22 7477.5 7473.59 7469.54 7465.44 7461.46 7457.8 7454.78 7452.74 7452.01 7452.74 7454.78 7457.8 7461.46 7465.44 7469.54 7473.59 7477.5 7481.22 7484.72 7487.96 7490.94 7493.66 7496.09 7498.24 7500.09 7501.62 7502.83 7503.7 7504.23 7504.41 7504.23 7503.7 7502.83 7501.62 7500.09 7498.24 7496.09 7493.66 7490.94 7487.96 
7487.25 7484 7480.61 7477.11 7473.59 7470.12 7466.85 7463.95 7461.63 7460.11 7459.58 7460.11 7461.63 7463.95 7466.85 7470.12 7473.59 7477.11 7480.61 7484 7487.25 7490.32 7493.18 7495.83 7498.24 7500.39 7502.25 7503.82 7505.06 7505.96 7506.51 7506.69 7506.51 7505.96 7505.06 7503.82 7502.25 7500.39 7498.24 7495.83 7493.18 7490.32 
7489.91 7486.87 7483.75 7480.61 7477.5 7474.53 7471.79 7469.42 7467.57 7466.39 7465.98 7466.39 7467.57 7469.42 7471.79 7474.53 7477.5 7480.61 7483.75 7486.87 7489.91 7492.84 7495.63 7498.24 7500.65 7502.82 7504.73 7506.36 7507.66 7508.61 7509.19 7509.38 7509.19 7508.61 7507.66 7506.36 7504.73 7502.82 7500.65 7498.24 7495.63 7492.84 
7492.67 7489.77 7486.87 7484 7481.22 7478.62 7476.27 7474.29 7472.77 7471.81 7471.48 7471.81 7472.77 7474.29 7476.27 7478.62 7481.22 7484 7486.87 7489.77 7492.67 7495.5 7498.24 7500.85 7503.29 7505.53 7507.53 7509.25 7510.64 7511.66 7512.29 7512.51 7512.29 7511.66 7510.64 7509.25 7507.53 7505.53 7503.29 7500.85 7498.24 7495.5 
7495.45 7492.67 7489.91 7487.25 7484.72 7482.39 7480.33 7478.61 7477.32 7476.51 7476.24 7476.51 7477.32 7478.61 7480.33 7482.39 7484.72 7487.25 7489.91 7492.67 7495.45 7498.24 7500.98 7503.63 7506.16 7508.52 7510.65 7512.51 7514.03 7515.17 7515.87 7516.11 7515.87 7515.17 7514.03 7512.51 7510.65 7508.52 7506.16 7503.63 7500.98 7498.24 
7498.24 7495.5 7492.84 7490.32 7487.96 7485.83 7483.97 7482.45 7481.32 7480.61 7480.38 7480.61 7481.32 7482.45 7483.97 7485.83 7487.96 7490.32 7492.84 7495.5 7498.24 7501.02 7503.81 7506.56 7509.23 7511.77 7514.1 7516.16 7517.87 7519.17 7519.97 7520.25 7519.97 7519.17 7517.87 7516.16 7514.1 7511.77 7509.23 7506.56 7503.81 7501.02 
7500.98 7498.24 7495.63 7493.18 7490.94 7488.95 7487.23 7485.84 7484.82 7484.19 7483.98 7484.19 7484.82 7485.84 7487.23 7488.95 7490.94 7493.18 7495.63 7498.24 7500.98 7503.81 7506.7 7509.61 7512.48 7515.26 7517.87 7520.21 7522.2 7523.72 7524.68 7525.01 7524.68 7523.72 7522.2 7520.21 7517.87 7515.26 7512.48 7509.61 7506.7 7503.81 
7503.63 7500.85 7498.24 7495.83 7493.66 7491.74 7490.12 7488.82 7487.87 7487.29 7487.1 7487.29 7487.87 7488.82 7490.12 7491.74 7493.66 7495.83 7498.24 7500.85 7503.63 7506.56 7509.61 7512.73 7515.88 7518.98 7521.96 7524.7 7527.07 7528.92 7530.11 7530.52 7530.11 7528.92 7527.07 7524.7 7521.96 7518.98 7515.88 7512.73 7509.61 7506.56 
7506.16 7503.29 7500.65 7498.24 7496.09 7494.23 7492.66 7491.42 7490.52 7489.97 7489.79 7489.97 7490.52 7491.42 7492.66 7494.23 7496.09 7498.24 7500.65 7503.29 7506.16 7509.23 7512.48 7515.88 7519.37 7522.9 7526.37 7529.65 7532.55 7534.88 7536.4 7536.93 7536.4 7534.88 7532.55 7529.65 7526.37 7522.9 7519.37 7515.88 7512.48 7509.23 
7508.52 7505.53 7502.82 7500.39 7498.24 7496.39 7494.86 7493.65 7492.78 7492.25 7492.07 7492.25 7492.78 7493.65 7494.86 7496.39 7498.24 7500.39 7502.82 7505.53 7508.52 7511.77 7515.26 7518.98 7522.9 7526.96 7531.06 7535.05 7538.72 7541.75 7543.79 7544.52 7543.79 7541.75 7538.72 7535.05 7531.06 7526.96 7522.9 7518.98 7515.26 7511.77 
7510.65 7507.53 7504.73 7502.25 7500.09 7498.24 7496.72 7495.53 7494.67 7494.15 7493.98 7494.15 7494.67 7495.53 7496.72 7498.24 7500.09 7502.25 7504.73 7507.53 7510.65 7514.1 7517.87 7521.96 7526.37 7531.06 7535.95 7540.89 7545.62 7549.71 7552.6 7553.67 7552.6 7549.71 7545.62 7540.89 7535.95 7531.06 7526.37 7521.96 7517.87 7514.1 
7512.51 7509.25 7506.36 7503.82 7501.62 7499.76 7498.24 7497.05 7496.21 7495.7 7495.53 7495.7 7496.21 7497.05 7498.24 7499.76 7501.62 7503.82 7506.36 7509.25 7512.51 7516.16 7520.21 7524.7 7529.65 7535.05 7540.89 7547.04 7553.26 7559 7563.36 7565.1 7563.36 7559 7553.26 7547.04 7540.89 7535.05 7529.65 7524.7 7520.21 7516.16 
7514.03 7510.64 7507.66 7505.06 7502.83 7500.95 7499.43 7498.24 7497.39 7496.89 7496.72 7496.89 7497.39 7498.24 7499.43 7500.95 7502.83 7505.06 7507.66 7510.64 7514.03 7517.87 7522.2 7527.07 7532.55 7538.72 7545.62 7553.26 7561.5 7569.81 7576.86 7580.13 7576.86 7569.81 7561.5 7553.26 7545.62 7538.72 7532.55 7527.07 7522.2 7517.87 
7515.17 7511.66 7508.61 7505.96 7503.7 7501.81 7500.27 7499.09 7498.24 7497.73 7497.57 7497.73 7498.24 7499.09 7500.27 7501.81 7503.7 7505.96 7508.61 7511.66 7515.17 7519.17 7523.72 7528.92 7534.88 7541.75 7549.71 7559 7569.81 7582.01 7594.27 7601.85 7594.27 7582.01 7569.81 7559 7549.71 7541.75 7534.88 7528.92 7523.72 7519.17 
7515.87 7512.29 7509.19 7506.51 7504.23 7502.33 7500.78 7499.59 7498.75 7498.24 7498.07 7498.24 7498.75 7499.59 7500.78 7502.33 7504.23 7506.51 7509.19 7512.29 7515.87 7519.97 7524.68 7530.11 7536.4 7543.79 7552.6 7563.36 7576.86 7594.27 7616.54 7638.89 7616.54 7594.27 7576.86 7563.36 7552.6 7543.79 7536.4 7530.11 7524.68 7519.97 
7516.11 7512.51 7509.38 7506.69 7504.41 7502.5 7500.96 7499.76 7498.92 7498.41 7498.24 7498.41 7498.92 7499.76 7500.96 7502.5 7504.41 7506.69 7509.38 7512.51 7516.11 7520.25 7525.01 7530.52 7536.93 7544.52 7553.67 7565.1 7580.13 7601.85 7638.89 7720.91 7638.89 7601.85 7580.13 7565.1 7553.67 7544.52 7536.93 7530.52 7525.01 7520.25 
7515.87 7512.29 7509.19 7506.51 7504.23 7502.33 7500.78 7499.59 7498.75 7498.24 7498.07 7498.24 7498.75 7499.59 7500.78 7502.33 7504.23 7506.51 7509.19 7512.29 7515.87 7519.97 7524.68 7530.11 7536.4 7543.79 7552.6 7563.36 7576.86 7594.27 7616.54 7638.89 7616.54 7594.27 7576.86 7563.36 7552.6 7543.79 7536.4 7530.11 7524.68 7519.97 
7515.17 7511.66 7508.61 7505.96 7503.7 7501.81 7500.27 7499.09 7498.24 7497.73 7497.57 7497.73 7498.24 7499.09 7500.27 7501.81 7503.7 7505.96 7508.61 7511.66 7515.17 7519.17 7523.72 7528.92 7534.88 7541.75 7549.71 7559 7569.81 7582.01 7594.27 7601.85 7594.27 7582.01 7569.81 7559 7549.71 7541.75 7534.88 7528.92 7523.72 7519.17 
7514.03 7510.64 7507.66 7505.06 7502.83 7500.95 7499.43 7498.24 7497.39 7496.89 7496.72 7496.89 7497.39 7498.24 7499.43 7500.95 7502.83 7505.06 7507.66 7510.64 7514.03 7517.87 7522.2 7527.07 7532.55 7538.72 7545.62 7553.26 7561.5 7569.81 7576.86 7580.13 7576.86 7569.81 7561.5 7553.26 7545.62 7538.72 7532.55 7527.07 7522.2 7517.87 
7512.51 7509.25 7506.36 7503.82 7501.62 7499.76 7498.24 7497.05 7496.21 7495.7 7495.53 7495.7 7496.21 7497.05 7498.24 7499.76 7501.62 7503.82 7506.36 7509.25 7512.51 7516.16 7520.21 7524.7 7529.65 7535.05 7540.89 7547.04 7553.26 7559 7563.36 7565.1 7563.36 7559 7553.26 7547.04 7540.89 7535.05 7529.65 7524.7 7520.21 7516.16 
7510.65 7507.53 7504.73 7502.25 7500.09 7498.24 7496.72 7495.53 7494.67 7494.15 7493.98 7494.15 7494.67 7495.53 7496.72 7498.24 7500.09 7502.25 7504.73 7507.53 7510.65 7514.1 7517.87 7521.96 7526.37 7531.06 7535.95 7540.89 7545.62 7549.71 7552.6 7553.67 7552.6 7549.71 7545.62 7540.89 7535.95 7531.06 7526.37 7521.96 7517.87 7514.1 
7508.52 7505.53 7502.82 7500.39 7498.24 7496.39 7494.86 7493.65 7492.78 7492.25 7492.07 7492.25 7492.78 7493.65 7494.86 7496.39 7498.24 7500.39 7502.82 7505.53 7508.52 7511.77 7515.26 7518.98 7522.9 7526.96 7531.06 7535.05 7538.72 7541.75 7543.79 7544.52 7543.79 7541.75 7538.72 7535.05 7531.06 7526.96 7522.9 7518.98 7515.26 7511.77 
7506.16 7503.29 7500.65 7498.24 7496.09 7494.23 7492.66 7491.42 7490.52 7489.97 7489.79 7489.97 7490.52 7491.42 7492.66 7494.23 7496.09 7498.24 7500.65 7503.29 7506.16 7509.23 7512.48 7515.88 7519.37 7522.9 7526.37 7529.65 7532.55 7534.88 7536.4 7536.93 7536.4 7534.88 7532.55 7529.65 7526.37 7522.9 7519.37 7515.88 7512.48 7509.23 
7503.63 7500.85 7498.24 7495.83 7493.66 7491.74 7490.12 7488.82 7487.87 7487.29 7487.1 7487.29 7487.87 7488.82 7490.12 7491.74 7493.66 7495.83 7498.24 7500.85 7503.63 7506.56 7509.61 7512.73 7515.88 7518.98 7521.96 7524.7 7527.07 7528.92 7530.11 7530.52 7530.11 7528.92 7527.07 7524.7 7521.96 7518.98 7515.88 7512.73 7509.61 7506.56 
7500.98 7498.24 7495.63 7493.18 7490.94 7488.95 7487.23 7485.84 7484.82 7484.19 7483.98 7484.19 7484.82 7485.84 7487.23 7488.95 7490.94 7493.18 7495.63 7498.24 7500.98 7503.81 7506.7 7509.61 7512.48 7515.26 7517.87 7520.21 7522.2 7523.72 7524.68 7525.01 7524.68 7523.72 7522.2 7520.21 7517.87 7515.26 7512.48 7509.61 7506.7 7503.81 
7498.24 7495.5 7492.84 7490.32 7487.96 7485.83 7483.97 7482.45 7481.32 7480.61 7480.38 7480.61 7481.32 7482.45 7483.97 7485.83 7487.96 7490.32 7492.84 7495.5 7498.24 7501.02 7503.81 7506.56 7509.23 7511.77 7514.1 7516.16 7517.87 7519.17 7519.97 7520.25 7519.97 7519.17 7517.87 7516.16 7514.1 7511.77 7509.23 7506.56 7503.81 7501.02 
