7495.32 7492.41 7489.53 7486.75 7484.11 7481.69 7479.55 7477.77 7476.43 7475.6 7475.32 7475.6 7476.43 7477.77 7479.55 7481.69 7484.11 7486.75 7489.53 7492.41 7495.32 7498.24 7501.1 7503.88 7506.53 7508.99 7511.22 7513.16 7514.74 7515.92 7516.65 7516.9 7516.65 7515.92 7514.74 7513.16 7511.22 7508.99 7506.53 7503.88 7501.1 7498.24 
7492.41 7489.39 7486.36 7483.38 7480.5 7477.8 7475.37 7473.32 7471.76 7470.77 7470.43 7470.77 7471.76 7473.32 7475.37 7477.8 7480.5 7483.38 7486.36 7489.39 7492.41 7495.37 7498.24 7500.97 7503.53 7505.88 7507.97 7509.77 7511.22 7512.29 7512.95 7513.17 7512.95 7512.29 7511.22 7509.77 7507.97 7505.88 7503.53 7500.97 7498.24 7495.37 
7489.53 7486.36 7483.12 7479.86 7476.65 7473.58 7470.76 7468.33 7466.44 7465.23 7464.81 7465.23 7466.44 7468.33 7470.76 7473.58 7476.65 7479.86 7483.12 7486.36 7489.53 7492.59 7495.51 7498.24 7500.76 7503.04 7505.05 7506.75 7508.11 7509.11 7509.72 7509.93 7509.72 7509.11 7508.11 7506.75 7505.05 7503.04 7500.76 7498.24 7495.51 7492.59 
7486.75 7483.38 7479.86 7476.25 7472.62 7469.06 7465.71 7462.75 7460.38 7458.83 7458.29 7458.83 7460.38 7462.75 7465.71 7469.06 7472.62 7476.25 7479.86 7483.38 7486.75 7489.95 7492.95 7495.72 7498.24 7500.49 7502.45 7504.09 7505.4 7506.35 7506.93 7507.12 7506.93 7506.35 7505.4 7504.09 7502.45 7500.49 7498.24 7495.72 7492.95 7489.95 
7484.11 7480.5 7476.65 7472.62 7468.47 7464.28 7460.21 7456.49 7453.42 7451.35 7450.62 7451.35 7453.42 7456.49 7460.21 7464.28 7468.47 7472.62 7476.65 7480.5 7484.11 7487.49 7490.6 7493.43 7495.99 7498.24 7500.18 7501.79 7503.07 7503.99 7504.54 7504.73 7504.54 7503.99 7503.07 7501.79 7500.18 7498.24 7495.99 7493.43 7490.6 7487.49 
7481.69 7477.8 7473.58 7469.06 7464.28 7459.3 7454.29 7449.51 7445.38 7442.47 7441.39 7442.47 7445.38 7449.51 7454.29 7459.3 7464.28 7469.06 7473.58 7477.8 7481.69 7485.26 7488.51 7491.43 7494.03 7496.3 7498.24 7499.84 7501.1 7502 7502.55 7502.73 7502.55 7502 7501.1 7499.84 7498.24 7496.3 7494.03 7491.43 7488.51 7485.26 
7479.55 7475.37 7470.76 7465.71 7460.21 7454.29 7448.07 7441.81 7436.04 7431.67 7429.93 7431.67 7436.04 7441.81 7448.07 7454.29 7460.21 7465.71 7470.76 7475.37 7479.55 7483.32 7486.71 7489.73 7492.38 7494.68 7496.64 7498.24 7499.49 7500.38 7500.92 7501.1 7500.92 7500.38 7499.49 7498.24 7496.64 7494.68 7492.38 7489.73 7486.71 7483.32 
7477.77 7473.32 7468.33 7462.75 7456.49 7449.51 7441.81 7433.53 7425.21 7418.16 7414.9 7418.16 7425.21 7433.53 7441.81 7449.51 7456.49 7462.75 7468.33 7473.32 7477.77 7481.74 7485.26 7488.36 7491.08 7493.41 7495.38 7496.99 7498.24 7499.13 7499.67 7499.85 7499.67 7499.13 7498.24 7496.99 7495.38 7493.41 7491.08 7488.36 7485.26 7481.74 
7476.43 7471.76 7466.44 7460.38 7453.42 7445.38 7436.04 7425.21 7413.02 7400.79 7393.24 7400.79 7413.02 7425.21 7436.04 7445.38 7453.42 7460.38 7466.44 7471.76 7476.43 7480.56 7484.19 7487.37 7490.13 7492.49 7494.48 7496.09 7497.35 7498.24 7498.77 7498.95 7498.77 7498.24 7497.35 7496.09 7494.48 7492.49 7490.13 7487.37 7484.19 7480.56 
7475.6 7470.77 7465.23 7458.83 7451.35 7442.47 7431.67 7418.16 7400.79 7378.63 7356.44 7378.63 7400.79 7418.16 7431.67 7442.47 7451.35 7458.83 7465.23 7470.77 7475.6 7479.83 7483.53 7486.76 7489.55 7491.94 7493.93 7495.55 7496.81 7497.7 7498.24 7498.42 7498.24 7497.7 7496.81 7495.55 7493.93 7491.94 7489.55 7486.76 7483.53 7479.83 
7475.32 7470.43 7464.81 7458.29 7450.62 7441.39 7429.93 7414.9 7393.24 7356.44 7275.27 7356.44 7393.24 7414.9 7429.93 7441.39 7450.62 7458.29 7464.81 7470.43 7475.32 7479.58 7483.31 7486.55 7489.36 7491.75 7493.75 7495.38 7496.63 7497.53 7498.06 7498.24 7498.06 7497.53 7496.63 7495.38 7493.75 7491.75 7489.36 7486.55 7483.31 7479.58 
7475.6 7470.77 7465.23 7458.83 7451.35 7442.47 7431.67 7418.16 7400.79 7378.63 7356.44 7378.63 7400.79 7418.16 7431.67 7442.47 7451.35 7458.83 7465.23 7470.77 7475.6 7479.83 7483.53 7486.76 7489.55 7491.94 7493.93 7495.55 7496.81 7497.7 7498.24 7498.42 7498.24 7497.7 7496.81 7495.55 7493.93 7491.94 7489.55 7486.76 7483.53 7479.83 
7476.43 7471.76 7466.44 7460.38 7453.42 7445.38 7436.04 7425.21 7413.02 7400.79 7393.24 7400.79 7413.02 7425.21 7436.04 7445.38 7453.42 7460.38 7466.44 7471.76 7476.43 7480.56 7484.19 7487.37 7490.13 7492.49 7494.48 7496.09 7497.35 7498.24 7498.77 7498.95 7498.77 7498.24 7497.35 7496.09 7494.48 7492.49 7490.13 7487.37 7484.19 7480.56 
7477.77 7473.32 7468.33 7462.75 7456.49 7449.51 7441.81 7433.53 7425.21 7418.16 7414.9 7418.16 7425.21 7433.53 7441.81 7449.51 7456.49 7462.75 7468.33 7473.32 7477.77 7481.74 7485.26 7488.36 7491.08 7493.41 7495.38 7496.99 7498.24 7499.13 7499.67 7499.85 7499.67 7499.13 7498.24 7496.99 7495.38 7493.41 7491.08 7488.36 7485.26 7481.74 
7479.55 7475.37 7470.76 7465.71 7460.21 7454.29 7448.07 7441.81 7436.04 7431.67 7429.93 7431.67 7436.04 7441.81 7448.07 7454.29 7460.21 7465.71 7470.76 7475.37 7479.55 7483.32 7486.71 7489.73 7492.38 7494.68 7496.64 7498.24 7499.49 7500.38 7500.92 7501.1 7500.92 7500.38 7499.49 7498.24 7496.64 7494.68 7492.38 7489.73 7486.71 7483.32 
7481.69 7477.8 7473.58 7469.06 7464.28 7459.3 7454.29 7449.51 7445.38 7442.47 7441.39 7442.47 7445.38 7449.51 7454.29 7459.3 7464.28 7469.06 7473.58 7477.8 7481.69 7485.26 7488.51 7491.43 7494.03 7496.3 7498.24 7499.84 7501.1 7502 7502.55 7502.73 7502.55 7502 7501.1 7499.84 7498.24 7496.3 7494.03 7491.43 7488.51 7485.26 
7484.11 7480.5 7476.65 7472.62 7468.47 7464.28 7460.21 7456.49 7453.42 7451.35 7450.62 7451.35 7453.42 7456.49 7460.21 7464.28 7468.47 7472.62 7476.65 7480.5 7484.11 7487.49 7490.6 7493.43 7495.99 7498.24 7500.18 7501.79 7503.07 7503.99 7504.54 7504.73 7504.54 7503.99 7503.07 7501.79 7500.18 7498.24 7495.99 7493.43 7490.6 7487.49 
7486.75 7483.38 7479.86 7476.25 7472.62 7469.06 7465.71 7462.75 7460.38 7458.83 7458.29 7458.83 7460.38 7462.75 7465.71 7469.06 7472.62 7476.25 7479.86 7483.38 7486.75 7489.95 7492.95 7495.72 7498.24 7500.49 7502.45 7504.09 7505.4 7506.35 7506.93 7507.12 7506.93 7506.35 7505.4 7504.09 7502.45 7500.49 7498.24 7495.72 7492.95 7489.95 
7489.53 7486.36 7483.12 7479.86 7476.65 7473.58 7470.76 7468.33 7466.44 7465.23 7464.81 7465.23 7466.44 7468.33 7470.76 7473.58 7476.65 7479.86 7483.12 7486.36 7489.53 7492.59 7495.51 7498.24 7500.76 7503.04 7505.05 7506.75 7508.11 7509.11 7509.72 7509.93 7509.72 7509.11 7508.11 7506.75 7505.05 7503.04 7500.76 7498.24 7495.51 7492.59 
7492.41 7489.39 7486.36 7483.38 7480.5 7477.8 7475.37 7473.32 7471.76 7470.77 7470.43 7470.77 7471.76 7473.32 7475.37 7477.8 7480.5 7483.38 7486.36 7489.39 7492.41 7495.37 7498.24 7500.97 7503.53 7505.88 7507.97 7509.77 7511.22 7512.29 7512.95 7513.17 7512.95 7512.29 7511.22 7509.77 7507.97 7505.88 7503.53 7500.97 7498.24 7495.37 
7495.32 7492.41 7489.53 7486.75 7484.11 7481.69 7479.55 7477.77 7476.43 7475.6 7475.32 7475.6 7476.43 7477.77 7479.55 7481.69 7484.11 7486.75 7489.53 7492.41 7495.32 7498.24 7501.1 7503.88 7506.53 7508.99 7511.22 7513.16 7514.74 7515.92 7516.65 7516.9 7516.65 7515.92 7514.74 7513.16 7511.22 7508.99 7506.53 7503.88 7501.1 7498.24 
7498.24 7495.37 7492.59 7489.95 7487.49 7485.26 7483.32 7481.74 7480.56 7479.83 7479.58 7479.83 7480.56 7481.74 7483.32 7485.26 7487.49 7489.95 7492.59 7495.37 7498.24 7501.15 7504.07 7506.94 7509.73 7512.36 7514.79 7516.93 7518.71 7520.05 7520.89 7521.17 7520.89 7520.05 7518.71 7516.93 7514.79 7512.36 7509.73 7506.94 7504.07 7501.15 
7501.1 7498.24 7495.51 7492.95 7490.6 7488.51 7486.71 7485.26 7484.19 7483.53 7483.31 7483.53 7484.19 7485.26 7486.71 7488.51 7490.6 7492.95 7495.51 7498.24 7501.1 7504.07 7507.08 7510.11 7513.1 7515.99 7518.69 7521.12 7523.17 7524.74 7525.72 7526.06 7525.72 7524.74 7523.17 7521.12 7518.69 7515.99 7513.1 7510.11 7507.08 7504.07 
7503.88 7500.97 7498.24 7495.72 7493.43 7491.43 7489.73 7488.36 7487.37 7486.76 7486.55 7486.76 7487.37 7488.36 7489.73 7491.43 7493.43 7495.72 7498.24 7500.97 7503.88 7506.94 7510.11 7513.36 7516.62 7519.83 7522.91 7525.73 7528.16 7530.06 7531.27 7531.69 7531.27 7530.06 7528.16 7525.73 7522.91 7519.83 7516.62 7513.36 7510.11 7506.94 
7506.53 7503.53 7500.76 7498.24 7495.99 7494.03 7492.38 7491.08 7490.13 7489.55 7489.36 7489.55 7490.13 7491.08 7492.38 7494.03 7495.99 7498.24 7500.76 7503.53 7506.53 7509.73 7513.1 7516.62 7520.23 7523.87 7527.43 7530.79 7533.76 7536.13 7537.68 7538.22 7537.68 7536.13 7533.76 7530.79 7527.43 7523.87 7520.23 7516.62 7513.1 7509.73 
7508.99 7505.88 7503.04 7500.49 7498.24 7496.3 7494.68 7493.41 7492.49 7491.94 7491.75 7491.94 7492.49 7493.41 7494.68 7496.3 7498.24 7500.49 7503.04 7505.88 7508.99 7512.36 7515.99 7519.83 7523.87 7528.03 7532.22 7536.3 7540.03 7543.11 7545.18 7545.91 7545.18 7543.11 7540.03 7536.3 7532.22 7528.03 7523.87 7519.83 7515.99 7512.36 
7511.22 7507.97 7505.05 7502.45 7500.18 7498.24 7496.64 7495.38 7494.48 7493.93 7493.75 7493.93 7494.48 7495.38 7496.64 7498.24 7500.18 7502.45 7505.05 7507.97 7511.22 7514.79 7518.69 7522.91 7527.43 7532.22 7537.21 7542.23 7547.02 7551.17 7554.09 7555.17 7554.09 7551.17 7547.02 7542.23 7537.21 7532.22 7527.43 7522.91 7518.69 7514.79 
7513.16 7509.77 7506.75 7504.09 7501.79 7499.84 7498.24 7496.99 7496.09 7495.55 7495.38 7495.55 7496.09 7496.99 7498.24 7499.84 7501.79 7504.09 7506.75 7509.77 7513.16 7516.93 7521.12 7525.73 7530.79 7536.3 7542.23 7548.47 7554.75 7560.54 7564.92 7566.67 7564.92 7560.54 7554.75 7548.47 7542.23 7536.3 7530.79 7525.73 7521.12 7516.93 
7514.74 7511.22 7508.11 7505.4 7503.07 7501.1 7499.49 7498.24 7497.35 7496.81 7496.63 7496.81 7497.35 7498.24 7499.49 7501.1 7503.07 7505.4 7508.11 7511.22 7514.74 7518.71 7523.17 7528.16 7533.76 7540.03 7547.02 7554.75 7563.06 7571.41 7578.49 7581.77 7578.49 7571.41 7563.06 7554.75 7547.02 7540.03 7533.76 7528.16 7523.17 7518.71 
7515.92 7512.29 7509.11 7506.35 7503.99 7502 7500.38 7499.13 7498.24 7497.7 7497.53 7497.7 7498.24 7499.13 7500.38 7502 7503.99 7506.35 7509.11 7512.29 7515.92 7520.05 7524.74 7530.06 7536.13 7543.11 7551.17 7560.54 7571.41 7583.65 7595.95 7603.54 7595.95 7583.65 7571.41 7560.54 7551.17 7543.11 7536.13 7530.06 7524.74 7520.05 
7516.65 7512.95 7509.72 7506.93 7504.54 7502.55 7500.92 7499.67 7498.77 7498.24 7498.06 7498.24 7498.77 7499.67 7500.92 7502.55 7504.54 7506.93 7509.72 7512.95 7516.65 7520.89 7525.72 7531.27 7537.68 7545.18 7554.09 7564.92 7578.49 7595.95 7618.25 7640.6 7618.25 7595.95 7578.49 7564.92 7554.09 7545.18 7537.68 7531.27 7525.72 7520.89 
7516.9 7513.17 7509.93 7507.12 7504.73 7502.73 7501.1 7499.85 7498.95 7498.42 7498.24 7498.42 7498.95 7499.85 7501.1 7502.73 7504.73 7507.12 7509.93 7513.17 7516.9 7521.17 7526.06 7531.69 7538.22 7545.91 7555.17 7566.67 7581.77 7603.54 7640.6 7722.64 7640.6 7603.54 7581.77 7566.67 7555.17 7545.91 7538.22 7531.69 7526.06 7521.17 
7516.65 7512.95 7509.72 7506.93 7504.54 7502.55 7500.92 7499.67 7498.77 7498.24 7498.06 7498.24 7498.77 7499.67 7500.92 7502.55 7504.54 7506.93 7509.72 7512.95 7516.65 7520.89 7525.72 7531.27 7537.68 7545.18 7554.09 7564.92 7578.49 7595.95 7618.25 7640.6 7618.25 7595.95 7578.49 7564.92 7554.09 7545.18 7537.68 7531.27 7525.72 7520.89 
7515.92 7512.29 7509.11 7506.35 7503.99 7502 7500.38 7499.13 7498.24 7497.7 7497.53 7497.7 7498.24 7499.13 7500.38 7502 7503.99 7506.35 7509.11 7512.29 7515.92 7520.05 7524.74 7530.06 7536.13 7543.11 7551.17 7560.54 7571.41 7583.65 7595.95 7603.54 7595.95 7583.65 7571.41 7560.54 7551.17 7543.11 7536.13 7530.06 7524.74 7520.05 
7514.74 7511.22 7508.11 7505.4 7503.07 7501.1 7499.49 7498.24 7497.35 7496.81 7496.63 7496.81 7497.35 7498.24 7499.49 7501.1 7503.07 7505.4 7508.11 7511.22 7514.74 7518.71 7523.17 7528.16 7533.76 7540.03 7547.02 7554.75 7563.06 7571.41 7578.49 7581.77 7578.49 7571.41 7563.06 7554.75 7547.02 7540.03 7533.76 7528.16 7523.17 7518.71 
7513.16 7509.77 7506.75 7504.09 7501.79 7499.84 7498.24 7496.99 7496.09 7495.55 7495.38 7495.55 7496.09 7496.99 7498.24 7499.84 7501.79 7504.09 7506.75 7509.77 7513.16 7516.93 7521.12 7525.73 7530.79 7536.3 7542.23 7548.47 7554.75 7560.54 7564.92 7566.67 7564.92 7560.54 7554.75 7548.47 7542.23 7536.3 7530.79 7525.73 7521.12 7516.93 
7511.22 7507.97 7505.05 7502.45 7500.18 7498.24 7496.64 7495.38 7494.48 7493.93 7493.75 7493.93 7494.48 7495.38 7496.64 7498.24 7500.18 7502.45 7505.05 7507.97 7511.22 7514.79 7518.69 7522.91 7527.43 7532.22 7537.21 7542.23 7547.02 7551.17 7554.09 7555.17 7554.09 7551.17 7547.02 7542.23 7537.21 7532.22 7527.43 7522.91 7518.69 7514.79 
7508.99 7505.88 7503.04 7500.49 7498.24 7496.3 7494.68 7493.41 7492.49 7491.94 7491.75 7491.94 7492.49 7493.41 7494.68 7496.3 7498.24 7500.49 7503.04 7505.88 7508.99 7512.36 7515.99 7519.83 7523.87 7528.03 7532.22 7536.3 7540.03 7543.11 7545.18 7545.91 7545.18 7543.11 7540.03 7536.3 7532.22 7528.03 7523.87 7519.83 7515.99 7512.36 
7506.53 7503.53 7500.76 7498.24 7495.99 7494.03 7492.38 7491.08 7490.13 7489.55 7489.36 7489.55 7490.13 7491.08 7492.38 7494.03 7495.99 7498.24 7500.76 7503.53 7506.53 7509.73 7513.1 7516.62 7520.23 7523.87 7527.43 7530.79 7533.76 7536.13 7537.68 7538.22 7537.68 7536.13 7533.76 7530.79 7527.43 7523.87 7520.23 7516.62 7513.1 7509.73 
7503.88 7500.97 7498.24 7495.72 7493.43 7491.43 7489.73 7488.36 7487.37 7486.76 7486.55 7486.76 7487.37 7488.36 7489.73 7491.43 7493.43 7495.72 7498.24 7500.97 7503.88 7506.94 7510.11 7513.36 7516.62 7519.83 7522.91 7525.73 7528.16 7530.06 7531.27 7531.69 7531.27 7530.06 7528.16 7525.73 7522.91 7519.83 7516.62 7513.36 7510.11 7506.94 
7501.1 7498.24 7495.51 7492.95 7490.6 7488.51 7486.71 7485.26 7484.19 7483.53 7483.31 7483.53 7484.19 7485.26 7486.71 7488.51 7490.6 7492.95 7495.51 7498.24 7501.1 7504.07 7507.08 7510.11 7513.1 7515.99 7518.69 7521.12 7523.17 7524.74 7525.72 7526.06 7525.72 7524.74 7523.17 7521.12 7518.69 7515.99 7513.1 7510.11 7507.08 7504.07 
7498.24 7495.37 7492.59 7489.95 7487.49 7485.26 7483.32 7481.74 7480.56 7479.83 7479.58 7479.83 7480.56 7481.74 7483.32 7485.26 7487.49 7489.95 7492.59 7495.37 7498.24 7501.15 7504.07 7506.94 7509.73 7512.36 7514.79 7516.93 7518.71 7520.05 7520.89 7521.17 7520.89 7520.05 7518.71 7516.93 7514.79 7512.36 7509.73 7506.94 7504.07 7501.15 
