7496.33 7494.4 7492.47 7490.59 7488.77 7487.08 7485.56 7484.28 7483.31 7482.7 7482.49 7482.7 7483.31 7484.28 7485.56 7487.08 7488.77 7490.59 7492.47 7494.4 7496.33 7498.24 7500.13 7501.95 7503.7 7505.34 7506.84 7508.16 7509.25 7510.07 7510.57 7510.75 7510.57 7510.07 7509.25 7508.16 7506.84 7505.34 7503.7 7501.95 7500.13 7498.24 
7494.4 7492.36 7490.29 7488.2 7486.15 7484.18 7482.38 7480.83 7479.63 7478.86 7478.6 7478.86 7479.63 7480.83 7482.38 7484.18 7486.15 7488.2 7490.29 7492.36 7494.4 7496.36 7498.24 7500.03 7501.69 7503.22 7504.58 7505.76 7506.72 7507.43 7507.87 7508.01 7507.87 7507.43 7506.72 7505.76 7504.58 7503.22 7501.69 7500.03 7498.24 7496.36 
7492.47 7490.29 7488 7485.64 7483.26 7480.93 7478.74 7476.81 7475.28 7474.29 7473.95 7474.29 7475.28 7476.81 7478.74 7480.93 7483.26 7485.64 7488 7490.29 7492.47 7494.54 7496.46 7498.24 7499.87 7501.33 7502.61 7503.7 7504.57 7505.21 7505.59 7505.73 7505.59 7505.21 7504.57 7503.7 7502.61 7501.33 7499.87 7498.24 7496.46 7494.54 
7490.59 7488.2 7485.64 7482.94 7480.14 7477.32 7474.6 7472.13 7470.13 7468.81 7468.35 7468.81 7470.13 7472.13 7474.6 7477.32 7480.14 7482.94 7485.64 7488.2 7490.59 7492.79 7494.8 7496.62 7498.25 7499.68 7500.91 7501.94 7502.75 7503.34 7503.7 7503.82 7503.7 7503.34 7502.75 7501.94 7500.91 7499.68 7498.25 7496.62 7494.8 7492.79 
7488.77 7486.15 7483.26 7480.14 7476.82 7473.37 7469.93 7466.72 7464.02 7462.18 7461.52 7462.18 7464.02 7466.72 7469.93 7473.37 7476.82 7480.14 7483.26 7486.15 7488.77 7491.15 7493.27 7495.16 7496.81 7498.25 7499.46 7500.46 7501.24 7501.8 7502.14 7502.25 7502.14 7501.8 7501.24 7500.46 7499.46 7498.25 7496.81 7495.16 7493.27 7491.15 
7487.08 7484.18 7480.93 7477.32 7473.37 7469.14 7464.76 7460.49 7456.73 7454.04 7453.04 7454.04 7456.73 7460.49 7464.76 7469.14 7473.37 7477.32 7480.93 7484.18 7487.08 7489.65 7491.91 7493.88 7495.58 7497.03 7498.25 7499.23 7500 7500.54 7500.87 7500.97 7500.87 7500.54 7500 7499.23 7498.25 7497.03 7495.58 7493.88 7491.91 7489.65 
7485.56 7482.38 7478.74 7474.6 7469.93 7464.76 7459.17 7453.42 7448.02 7443.88 7442.21 7443.88 7448.02 7453.42 7459.17 7464.76 7469.93 7474.6 7478.74 7482.38 7485.56 7488.33 7490.73 7492.79 7494.55 7496.03 7497.26 7498.25 7499 7499.54 7499.86 7499.97 7499.86 7499.54 7499 7498.25 7497.26 7496.03 7494.55 7492.79 7490.73 7488.33 
7484.28 7480.83 7476.81 7472.13 7466.72 7460.49 7453.42 7445.65 7437.7 7430.88 7427.69 7430.88 7437.7 7445.65 7453.42 7460.49 7466.72 7472.13 7476.81 7480.83 7484.28 7487.24 7489.77 7491.92 7493.74 7495.25 7496.5 7497.49 7498.25 7498.78 7499.1 7499.2 7499.1 7498.78 7498.25 7497.49 7496.5 7495.25 7493.74 7491.92 7489.77 7487.24 
7483.31 7479.63 7475.28 7470.13 7464.02 7456.73 7448.02 7437.7 7425.88 7413.88 7406.41 7413.88 7425.88 7437.7 7448.02 7456.73 7464.02 7470.13 7475.28 7479.63 7483.31 7486.42 7489.06 7491.29 7493.15 7494.69 7495.95 7496.95 7497.71 7498.25 7498.56 7498.67 7498.56 7498.25 7497.71 7496.95 7495.95 7494.69 7493.15 7491.29 7489.06 7486.42 
7482.7 7478.86 7474.29 7468.81 7462.18 7454.04 7443.88 7430.88 7413.88 7391.94 7369.82 7391.94 7413.88 7430.88 7443.88 7454.04 7462.18 7468.81 7474.29 7478.86 7482.7 7485.92 7488.62 7490.9 7492.79 7494.36 7495.63 7496.63 7497.4 7497.93 7498.25 7498.35 7498.25 7497.93 7497.4 7496.63 7495.63 7494.36 7492.79 7490.9 7488.62 7485.92 
7482.49 7478.6 7473.95 7468.35 7461.52 7453.04 7442.21 7427.69 7406.41 7369.82 7288.7 7369.82 7406.41 7427.69 7442.21 7453.04 7461.52 7468.35 7473.95 7478.6 7482.49 7485.74 7488.48 7490.77 7492.67 7494.24 7495.52 7496.53 7497.29 7497.83 7498.14 7498.25 7498.14 7497.83 7497.29 7496.53 7495.52 7494.24 7492.67 7490.77 7488.48 7485.74 
7482.7 7478.86 7474.29 7468.81 7462.18 7454.04 7443.88 7430.88 7413.88 7391.94 7369.82 7391.94 7413.88 7430.88 7443.88 7454.04 7462.18 7468.81 7474.29 7478.86 7482.7 7485.92 7488.62 7490.9 7492.79 7494.36 7495.63 7496.63 7497.4 7497.93 7498.25 7498.35 7498.25 7497.93 7497.4 7496.63 7495.63 7494.36 7492.79 7490.9 7488.62 7485.92 
7483.31 7479.63 7475.28 7470.13 7464.02 7456.73 7448.02 7437.7 7425.88 7413.88 7406.41 7413.88 7425.88 7437.7 7448.02 7456.73 7464.02 7470.13 7475.28 7479.63 7483.31 7486.42 7489.06 7491.29 7493.15 7494.69 7495.95 7496.95 7497.71 7498.25 7498.56 7498.67 7498.56 7498.25 7497.71 7496.95 7495.95 7494.69 7493.15 7491.29 7489.06 7486.42 
7484.28 7480.83 7476.81 7472.13 7466.72 7460.49 7453.42 7445.65 7437.7 7430.88 7427.69 7430.88 7437.7 7445.65 7453.42 7460.49 7466.72 7472.13 7476.81 7480.83 7484.28 7487.24 7489.77 7491.92 7493.74 7495.25 7496.5 7497.49 7498.25 7498.78 7499.1 7499.2 7499.1 7498.78 7498.25 7497.49 7496.5 7495.25 7493.74 7491.92 7489.77 7487.24 
7485.56 7482.38 7478.74 7474.6 7469.93 7464.76 7459.17 7453.42 7448.02 7443.88 7442.21 7443.88 7448.02 7453.42 7459.17 7464.76 7469.93 7474.6 7478.74 7482.38 7485.56 7488.33 7490.73 7492.79 7494.55 7496.03 7497.26 7498.25 7499 7499.54 7499.86 7499.97 7499.86 7499.54 7499 7498.25 7497.26 7496.03 7494.55 7492.79 7490.73 7488.33 
7487.08 7484.18 7480.93 7477.32 7473.37 7469.14 7464.76 7460.49 7456.73 7454.04 7453.04 7454.04 7456.73 7460.49 7464.76 7469.14 7473.37 7477.32 7480.93 7484.18 7487.08 7489.65 7491.91 7493.88 7495.58 7497.03 7498.25 7499.23 7500 7500.54 7500.87 7500.97 7500.87 7500.54 7500 7499.23 7498.25 7497.03 7495.58 7493.88 7491.91 7489.65 
7488.77 7486.15 7483.26 7480.14 7476.82 7473.37 7469.93 7466.72 7464.02 7462.18 7461.52 7462.18 7464.02 7466.72 7469.93 7473.37 7476.82 7480.14 7483.26 7486.15 7488.77 7491.15 7493.27 7495.16 7496.81 7498.25 7499.46 7500.46 7501.24 7501.8 7502.14 7502.25 7502.14 7501.8 7501.24 7500.46 7499.46 7498.25 7496.81 7495.16 7493.27 7491.15 
7490.59 7488.2 7485.64 7482.94 7480.14 7477.32 7474.6 7472.13 7470.13 7468.81 7468.35 7468.81 7470.13 7472.13 7474.6 7477.32 7480.14 7482.94 7485.64 7488.2 7490.59 7492.79 7494.8 7496.62 7498.25 7499.68 7500.91 7501.94 7502.75 7503.34 7503.7 7503.82 7503.7 7503.34 7502.75 7501.94 7500.91 7499.68 7498.25 7496.62 7494.8 7492.79 
7492.47 7490.29 7488 7485.64 7483.26 7480.93 7478.74 7476.81 7475.28 7474.29 7473.95 7474.29 7475.28 7476.81 7478.74 7480.93 7483.26 7485.64 7488 7490.29 7492.47 7494.54 7496.46 7498.24 7499.87 7501.33 7502.61 7503.7 7504.57 7505.21 7505.59 7505.73 7505.59 7505.21 7504.57 7503.7 7502.61 7501.33 7499.87 7498.24 7496.46 7494.54 
7494.4 7492.36 7490.29 7488.2 7486.15 7484.18 7482.38 7480.83 7479.63 7478.86 7478.6 7478.86 7479.63 7480.83 7482.38 7484.18 7486.15 7488.2 7490.29 7492.36 7494.4 7496.36 7498.24 7500.03 7501.69 7503.22 7504.58 7505.76 7506.72 7507.43 7507.87 7508.01 7507.87 7507.43 7506.72 7505.76 7504.58 7503.22 7501.69 7500.03 7498.24 7496.36 
7496.33 7494.4 7492.47 7490.59 7488.77 7487.08 7485.56 7484.28 7483.31 7482.7 7482.49 7482.7 7483.31 7484.28 7485.56 7487.08 7488.77 7490.59 7492.47 7494.4 7496.33 7498.24 7500.13 7501.95 7503.7 7505.34 7506.84 7508.16 7509.25 7510.07 7510.57 7510.75 7510.57 7510.07 7509.25 7508.16 7506.84 7505.34 7503.7 7501.95 7500.13 7498.24 
7498.24 7496.36 7494.54 7492.79 7491.15 7489.65 7488.33 7487.24 7486.42 7485.92 7485.74 7485.92 7486.42 7487.24 7488.33 7489.65 7491.15 7492.79 7494.54 7496.36 7498.24 7500.16 7502.09 7504.02 7505.9 7507.72 7509.41 7510.93 7512.21 7513.18 7513.79 7514 7513.79 7513.18 7512.21 7510.93 7509.41 7507.72 7505.9 7504.02 7502.09 7500.16 
7500.13 7498.24 7496.46 7494.8 7493.27 7491.91 7490.73 7489.77 7489.06 7488.62 7488.48 7488.62 7489.06 7489.77 7490.73 7491.91 7493.27 7494.8 7496.46 7498.24 7500.13 7502.09 7504.12 7506.2 7508.29 7510.34 7512.31 7514.11 7515.66 7516.86 7517.63 7517.89 7517.63 7516.86 7515.66 7514.11 7512.31 7510.34 7508.29 7506.2 7504.12 7502.09 
7501.95 7500.03 7498.24 7496.62 7495.16 7493.88 7492.79 7491.92 7491.29 7490.9 7490.77 7490.9 7491.29 7491.92 7492.79 7493.88 7495.16 7496.62 7498.24 7500.03 7501.95 7504.02 7506.2 7508.49 7510.84 7513.23 7515.56 7517.76 7519.69 7521.21 7522.2 7522.54 7522.2 7521.21 7519.69 7517.76 7515.56 7513.23 7510.84 7508.49 7506.2 7504.02 
7503.7 7501.69 7499.87 7498.25 7496.81 7495.58 7494.55 7493.74 7493.15 7492.79 7492.67 7492.79 7493.15 7493.74 7494.55 7495.58 7496.81 7498.25 7499.87 7501.69 7503.7 7505.9 7508.29 7510.84 7513.55 7516.35 7519.17 7521.9 7524.36 7526.36 7527.69 7528.15 7527.69 7526.36 7524.36 7521.9 7519.17 7516.35 7513.55 7510.84 7508.29 7505.9 
7505.34 7503.22 7501.33 7499.68 7498.25 7497.03 7496.03 7495.25 7494.69 7494.36 7494.24 7494.36 7494.69 7495.25 7496.03 7497.03 7498.25 7499.68 7501.33 7503.22 7505.34 7507.72 7510.34 7513.23 7516.35 7519.68 7523.13 7526.56 7529.78 7532.49 7534.33 7534.99 7534.33 7532.49 7529.78 7526.56 7523.13 7519.68 7516.35 7513.23 7510.34 7507.72 
7506.84 7504.58 7502.61 7500.91 7499.46 7498.25 7497.26 7496.5 7495.95 7495.63 7495.52 7495.63 7495.95 7496.5 7497.26 7498.25 7499.46 7500.91 7502.61 7504.58 7506.84 7509.41 7512.31 7515.56 7519.17 7523.13 7527.36 7531.74 7536.02 7539.79 7542.48 7543.48 7542.48 7539.79 7536.02 7531.74 7527.36 7523.13 7519.17 7515.56 7512.31 7509.41 
7508.16 7505.76 7503.7 7501.94 7500.46 7499.23 7498.25 7497.49 7496.95 7496.63 7496.53 7496.63 7496.95 7497.49 7498.25 7499.23 7500.46 7501.94 7503.7 7505.76 7508.16 7510.93 7514.11 7517.76 7521.9 7526.56 7531.74 7537.34 7543.1 7548.52 7552.67 7554.34 7552.67 7548.52 7543.1 7537.34 7531.74 7526.56 7521.9 7517.76 7514.11 7510.93 
7509.25 7506.72 7504.57 7502.75 7501.24 7500 7499 7498.25 7497.71 7497.4 7497.29 7497.4 7497.71 7498.25 7499 7500 7501.24 7502.75 7504.57 7506.72 7509.25 7512.21 7515.66 7519.69 7524.36 7529.78 7536.02 7543.1 7550.89 7558.86 7565.71 7568.91 7565.71 7558.86 7550.89 7543.1 7536.02 7529.78 7524.36 7519.69 7515.66 7512.21 
7510.07 7507.43 7505.21 7503.34 7501.8 7500.54 7499.54 7498.78 7498.25 7497.93 7497.83 7497.93 7498.25 7498.78 7499.54 7500.54 7501.8 7503.34 7505.21 7507.43 7510.07 7513.18 7516.86 7521.21 7526.36 7532.49 7539.79 7548.52 7558.86 7570.73 7582.79 7590.29 7582.79 7570.73 7558.86 7548.52 7539.79 7532.49 7526.36 7521.21 7516.86 7513.18 
7510.57 7507.87 7505.59 7503.7 7502.14 7500.87 7499.86 7499.1 7498.56 7498.25 7498.14 7498.25 7498.56 7499.1 7499.86 7500.87 7502.14 7503.7 7505.59 7507.87 7510.57 7513.79 7517.63 7522.2 7527.69 7534.33 7542.48 7552.67 7565.71 7582.79 7604.84 7627.11 7604.84 7582.79 7565.71 7552.67 7542.48 7534.33 7527.69 7522.2 7517.63 7513.79 
7510.75 7508.01 7505.73 7503.82 7502.25 7500.97 7499.97 7499.2 7498.67 7498.35 7498.25 7498.35 7498.67 7499.2 7499.97 7500.97 7502.25 7503.82 7505.73 7508.01 7510.75 7514 7517.89 7522.54 7528.15 7534.99 7543.48 7554.34 7568.91 7590.29 7627.11 7709.03 7627.11 7590.29 7568.91 7554.34 7543.48 7534.99 7528.15 7522.54 7517.89 7514 
7510.57 7507.87 7505.59 7503.7 7502.14 7500.87 7499.86 7499.1 7498.56 7498.25 7498.14 7498.25 7498.56 7499.1 7499.86 7500.87 7502.14 7503.7 7505.59 7507.87 7510.57 7513.79 7517.63 7522.2 7527.69 7534.33 7542.48 7552.67 7565.71 7582.79 7604.84 7627.11 7604.84 7582.79 7565.71 7552.67 7542.48 7534.33 7527.69 7522.2 7517.63 7513.79 
7510.07 7507.43 7505.21 7503.34 7501.8 7500.54 7499.54 7498.78 7498.25 7497.93 7497.83 7497.93 7498.25 7498.78 7499.54 7500.54 7501.8 7503.34 7505.21 7507.43 7510.07 7513.18 7516.86 7521.21 7526.36 7532.49 7539.79 7548.52 7558.86 7570.73 7582.79 7590.29 7582.79 7570.73 7558.86 7548.52 7539.79 7532.49 7526.36 7521.21 7516.86 7513.18 
7509.25 7506.72 7504.57 7502.75 7501.24 7500 7499 7498.25 7497.71 7497.4 7497.29 7497.4 7497.71 7498.25 7499 7500 7501.24 7502.75 7504.57 7506.72 7509.25 7512.21 7515.66 7519.69 7524.36 7529.78 7536.02 7543.1 7550.89 7558.86 7565.71 7568.91 7565.71 7558.86 7550.89 7543.1 7536.02 7529.78 7524.36 7519.69 7515.66 7512.21 
7508.16 7505.76 7503.7 7501.94 7500.46 7499.23 7498.25 7497.49 7496.95 7496.63 7496.53 7496.63 7496.95 7497.49 7498.25 7499.23 7500.46 7501.94 7503.7 7505.76 7508.16 7510.93 7514.11 7517.76 7521.9 7526.56 7531.74 7537.34 7543.1 7548.52 7552.67 7554.34 7552.67 7548.52 7543.1 7537.34 7531.74 7526.56 7521.9 7517.76 7514.11 7510.93 
7506.84 7504.58 7502.61 7500.91 7499.46 7498.25 7497.26 7496.5 7495.95 7495.63 7495.52 7495.63 7495.95 7496.5 7497.26 7498.25 7499.46 7500.91 7502.61 7504.58 7506.84 7509.41 7512.31 7515.56 7519.17 7523.13 7527.36 7531.74 7536.02 7539.79 7542.48 7543.48 7542.48 7539.79 7536.02 7531.74 7527.36 7523.13 7519.17 7515.56 7512.31 7509.41 
7505.34 7503.22 7501.33 7499.68 7498.25 7497.03 7496.03 7495.25 7494.69 7494.36 7494.24 7494.36 7494.69 7495.25 7496.03 7497.03 7498.25 7499.68 7501.33 7503.22 7505.34 7507.72 7510.34 7513.23 7516.35 7519.68 7523.13 7526.56 7529.78 7532.49 7534.33 7534.99 7534.33 7532.49 7529.78 7526.56 7523.13 7519.68 7516.35 7513.23 7510.34 7507.72 
7503.7 7501.69 7499.87 7498.25 7496.81 7495.58 7494.55 7493.74 7493.15 7492.79 7492.67 7492.79 7493.15 7493.74 7494.55 7495.58 7496.81 7498.25 7499.87 7501.69 7503.7 7505.9 7508.29 7510.84 7513.55 7516.35 7519.17 7521.9 7524.36 7526.36 7527.69 7528.15 7527.69 7526.36 7524.36 7521.9 7519.17 7516.35 7513.55 7510.84 7508.29 7505.9 
7501.95 7500.03 7498.24 7496.62 7495.16 7493.88 7492.79 7491.92 7491.29 7490.9 7490.77 7490.9 7491.29 7491.92 7492.79 7493.88 7495.16 7496.62 7498.24 7500.03 7501.95 7504.02 7506.2 7508.49 7510.84 7513.23 7515.56 7517.76 7519.69 7521.21 7522.2 7522.54 7522.2 7521.21 7519.69 7517.76 7515.56 7513.23 7510.84 7508.49 7506.2 7504.02 
7500.13 7498.24 7496.46 7494.8 7493.27 7491.91 7490.73 7489.77 7489.06 7488.62 7488.48 7488.62 7489.06 7489.77 7490.73 7491.91 7493.27 7494.8 7496.46 7498.24 7500.13 7502.09 7504.12 7506.2 7508.29 7510.34 7512.31 7514.11 7515.66 7516.86 7517.63 7517.89 7517.63 7516.86 7515.66 7514.11 7512.31 7510.34 7508.29 7506.2 7504.12 7502.09 
7498.24 7496.36 7494.54 7492.79 7491.15 7489.65 7488.33 7487.24 7486.42 7485.92 7485.74 7485.92 7486.42 7487.24 7488.33 7489.65 7491.15 7492.79 7494.54 7496.36 7498.24 7500.16 7502.09 7504.02 7505.9 7507.72 7509.41 7510.93 7512.21 7513.18 7513.79 7514 7513.79 7513.18 7512.21 7510.93 7509.41 7507.72 7505.9 7504.02 7502.09 7500.16 
