7495.58 7492.92 7490.29 7487.74 7485.31 7483.08 7481.1 7479.45 7478.2 7477.43 7477.16 7477.43 7478.2 7479.45 7481.1 7483.08 7485.31 7487.74 7490.29 7492.92 7495.58 7498.24 7500.85 7503.39 7505.8 7508.05 7510.09 7511.87 7513.33 7514.41 7515.09 7515.32 7515.09 7514.41 7513.33 7511.87 7510.09 7508.05 7505.8 7503.39 7500.85 7498.24 
7492.92 7490.16 7487.37 7484.62 7481.95 7479.44 7477.17 7475.25 7473.78 7472.85 7472.53 7472.85 7473.78 7475.25 7477.17 7479.44 7481.95 7484.62 7487.37 7490.16 7492.92 7495.63 7498.24 7500.73 7503.06 7505.19 7507.1 7508.73 7510.06 7511.04 7511.64 7511.84 7511.64 7511.04 7510.06 7508.73 7507.1 7505.19 7503.06 7500.73 7498.24 7495.63 
7490.29 7487.37 7484.38 7481.35 7478.35 7475.47 7472.81 7470.51 7468.71 7467.55 7467.15 7467.55 7468.71 7470.51 7472.81 7475.47 7478.35 7481.35 7484.38 7487.37 7490.29 7493.09 7495.75 7498.24 7500.53 7502.6 7504.42 7505.96 7507.2 7508.1 7508.66 7508.84 7508.66 7508.1 7507.2 7505.96 7504.42 7502.6 7500.53 7498.24 7495.75 7493.09 
7487.74 7484.62 7481.35 7477.97 7474.55 7471.18 7467.99 7465.15 7462.87 7461.38 7460.86 7461.38 7462.87 7465.15 7467.99 7471.18 7474.55 7477.97 7481.35 7484.62 7487.74 7490.68 7493.42 7495.95 7498.24 7500.28 7502.05 7503.54 7504.72 7505.57 7506.09 7506.27 7506.09 7505.57 7504.72 7503.54 7502.05 7500.28 7498.24 7495.95 7493.42 7490.68 
7485.31 7481.95 7478.35 7474.55 7470.6 7466.6 7462.7 7459.11 7456.13 7454.12 7453.4 7454.12 7456.13 7459.11 7462.7 7466.6 7470.6 7474.55 7478.35 7481.95 7485.31 7488.43 7491.29 7493.88 7496.2 7498.24 7499.99 7501.45 7502.59 7503.42 7503.92 7504.09 7503.92 7503.42 7502.59 7501.45 7499.99 7498.24 7496.2 7493.88 7491.29 7488.43 
7483.08 7479.44 7475.47 7471.18 7466.6 7461.82 7456.97 7452.32 7448.28 7445.42 7444.36 7445.42 7448.28 7452.32 7456.97 7461.82 7466.6 7471.18 7475.47 7479.44 7483.08 7486.39 7489.38 7492.06 7494.43 7496.49 7498.24 7499.68 7500.81 7501.62 7502.11 7502.27 7502.11 7501.62 7500.81 7499.68 7498.24 7496.49 7494.43 7492.06 7489.38 7486.39 
7481.1 7477.17 7472.81 7467.99 7462.7 7456.97 7450.9 7444.77 7439.09 7434.78 7433.06 7434.78 7439.09 7444.77 7450.9 7456.97 7462.7 7467.99 7472.81 7477.17 7481.1 7484.61 7487.75 7490.52 7492.94 7495.03 7496.8 7498.24 7499.36 7500.17 7500.65 7500.81 7500.65 7500.17 7499.36 7498.24 7496.8 7495.03 7492.94 7490.52 7487.75 7484.61 
7479.45 7475.25 7470.51 7465.15 7459.11 7452.32 7444.77 7436.62 7428.39 7421.4 7418.15 7421.4 7428.39 7436.62 7444.77 7452.32 7459.11 7465.15 7470.51 7475.25 7479.45 7483.16 7486.42 7489.28 7491.77 7493.89 7495.67 7497.12 7498.24 7499.04 7499.52 7499.68 7499.52 7499.04 7498.24 7497.12 7495.67 7493.89 7491.77 7489.28 7486.42 7483.16 
7478.2 7473.78 7468.71 7462.87 7456.13 7448.28 7439.09 7428.39 7416.29 7404.12 7396.59 7404.12 7416.29 7428.39 7439.09 7448.28 7456.13 7462.87 7468.71 7473.78 7478.2 7482.07 7485.45 7488.38 7490.91 7493.06 7494.86 7496.32 7497.44 7498.24 7498.72 7498.88 7498.72 7498.24 7497.44 7496.32 7494.86 7493.06 7490.91 7488.38 7485.45 7482.07 
7477.43 7472.85 7467.55 7461.38 7454.12 7445.42 7434.78 7421.4 7404.12 7382.02 7359.84 7382.02 7404.12 7421.4 7434.78 7445.42 7454.12 7461.38 7467.55 7472.85 7477.43 7481.4 7484.84 7487.83 7490.39 7492.56 7494.37 7495.84 7496.96 7497.76 7498.24 7498.4 7498.24 7497.76 7496.96 7495.84 7494.37 7492.56 7490.39 7487.83 7484.84 7481.4 
7477.16 7472.53 7467.15 7460.86 7453.4 7444.36 7433.06 7418.15 7396.59 7359.84 7278.69 7359.84 7396.59 7418.15 7433.06 7444.36 7453.4 7460.86 7467.15 7472.53 7477.16 7481.17 7484.64 7487.64 7490.22 7492.4 7494.21 7495.68 7496.8 7497.6 7498.08 7498.24 7498.08 7497.6 7496.8 7495.68 7494.21 7492.4 7490.22 7487.64 7484.64 7481.17 
7477.43 7472.85 7467.55 7461.38 7454.12 7445.42 7434.78 7421.4 7404.12 7382.02 7359.84 7382.02 7404.12 7421.4 7434.78 7445.42 7454.12 7461.38 7467.55 7472.85 7477.43 7481.4 7484.84 7487.83 7490.39 7492.56 7494.37 7495.84 7496.96 7497.76 7498.24 7498.4 7498.24 7497.76 7496.96 7495.84 7494.37 7492.56 7490.39 7487.83 7484.84 7481.4 
7478.2 7473.78 7468.71 7462.87 7456.13 7448.28 7439.09 7428.39 7416.29 7404.12 7396.59 7404.12 7416.29 7428.39 7439.09 7448.28 7456.13 7462.87 7468.71 7473.78 7478.2 7482.07 7485.45 7488.38 7490.91 7493.06 7494.86 7496.32 7497.44 7498.24 7498.72 7498.88 7498.72 7498.24 7497.44 7496.32 7494.86 7493.06 7490.91 7488.38 7485.45 7482.07 
7479.45 7475.25 7470.51 7465.15 7459.11 7452.32 7444.77 7436.62 7428.39 7421.4 7418.15 7421.4 7428.39 7436.62 7444.77 7452.32 7459.11 7465.15 7470.51 7475.25 7479.45 7483.16 7486.42 7489.28 7491.77 7493.89 7495.67 7497.12 7498.24 7499.04 7499.52 7499.68 7499.52 7499.04 7498.24 7497.12 7495.67 7493.89 7491.77 7489.28 7486.42 7483.16 
7481.1 7477.17 7472.81 7467.99 7462.7 7456.97 7450.9 7444.77 7439.09 7434.78 7433.06 7434.78 7439.09 7444.77 7450.9 7456.97 7462.7 7467.99 7472.81 7477.17 7481.1 7484.61 7487.75 7490.52 7492.94 7495.03 7496.8 7498.24 7499.36 7500.17 7500.65 7500.81 7500.65 7500.17 7499.36 7498.24 7496.8 7495.03 7492.94 7490.52 7487.75 7484.61 
7483.08 7479.44 7475.47 7471.18 7466.6 7461.82 7456.97 7452.32 7448.28 7445.42 7444.36 7445.42 7448.28 7452.32 7456.97 7461.82 7466.6 7471.18 7475.47 7479.44 7483.08 7486.39 7489.38 7492.06 7494.43 7496.49 7498.24 7499.68 7500.81 7501.62 7502.11 7502.27 7502.11 7501.62 7500.81 7499.68 7498.24 7496.49 7494.43 7492.06 7489.38 7486.39 
7485.31 7481.95 7478.35 7474.55 7470.6 7466.6 7462.7 7459.11 7456.13 7454.12 7453.4 7454.12 7456.13 7459.11 7462.7 7466.6 7470.6 7474.55 7478.35 7481.95 7485.31 7488.43 7491.29 7493.88 7496.2 7498.24 7499.99 7501.45 7502.59 7503.42 7503.92 7504.09 7503.92 7503.42 7502.59 7501.45 7499.99 7498.24 7496.2 7493.88 7491.29 7488.43 
7487.74 7484.62 7481.35 7477.97 7474.55 7471.18 7467.99 7465.15 7462.87 7461.38 7460.86 7461.38 7462.87 7465.15 7467.99 7471.18 7474.55 7477.97 7481.35 7484.62 7487.74 7490.68 7493.42 7495.95 7498.24 7500.28 7502.05 7503.54 7504.72 7505.57 7506.09 7506.27 7506.09 7505.57 7504.72 7503.54 7502.05 7500.28 7498.24 7495.95 7493.42 7490.68 
7490.29 7487.37 7484.38 7481.35 7478.35 7475.47 7472.81 7470.51 7468.71 7467.55 7467.15 7467.55 7468.71 7470.51 7472.81 7475.47 7478.35 7481.35 7484.38 7487.37 7490.29 7493.09 7495.75 7498.24 7500.53 7502.6 7504.42 7505.96 7507.2 7508.1 7508.66 7508.84 7508.66 7508.1 7507.2 7505.96 7504.42 7502.6 7500.53 7498.24 7495.75 7493.09 
7492.92 7490.16 7487.37 7484.62 7481.95 7479.44 7477.17 7475.25 7473.78 7472.85 7472.53 7472.85 7473.78 7475.25 7477.17 7479.44 7481.95 7484.62 7487.37 7490.16 7492.92 7495.63 7498.24 7500.73 7503.06 7505.19 7507.1 7508.73 7510.06 7511.04 7511.64 7511.84 7511.64 7511.04 7510.06 7508.73 7507.1 7505.19 7503.06 7500.73 7498.24 7495.63 
7495.58 7492.92 7490.29 7487.74 7485.31 7483.08 7481.1 7479.45 7478.2 7477.43 7477.16 7477.43 7478.2 7479.45 7481.1 7483.08 7485.31 7487.74 7490.29 7492.92 7495.58 7498.24 7500.85 7503.39 7505.8 7508.05 7510.09 7511.87 7513.33 7514.41 7515.09 7515.32 7515.09 7514.41 7513.33 7511.87 7510.09 7508.05 7505.8 7503.39 7500.85 7498.24 
7498.24 7495.63 7493.09 7490.68 7488.43 7486.39 7484.61 7483.16 7482.07 7481.4 7481.17 7481.4 7482.07 7483.16 7484.61 7486.39 7488.43 7490.68 7493.09 7495.63 7498.24 7500.9 7503.56 7506.19 7508.74 7511.17 7513.41 7515.39 7517.04 7518.28 7519.06 7519.33 7519.06 7518.28 7517.04 7515.39 7513.41 7511.17 7508.74 7506.19 7503.56 7500.9 
7500.85 7498.24 7495.75 7493.42 7491.29 7489.38 7487.75 7486.42 7485.45 7484.84 7484.64 7484.84 7485.45 7486.42 7487.75 7489.38 7491.29 7493.42 7495.75 7498.24 7500.85 7503.56 7506.32 7509.11 7511.86 7514.54 7517.05 7519.32 7521.24 7522.71 7523.64 7523.96 7523.64 7522.71 7521.24 7519.32 7517.05 7514.54 7511.86 7509.11 7506.32 7503.56 
7503.39 7500.73 7498.24 7495.95 7493.88 7492.06 7490.52 7489.28 7488.38 7487.83 7487.64 7487.83 7488.38 7489.28 7490.52 7492.06 7493.88 7495.95 7498.24 7500.73 7503.39 7506.19 7509.11 7512.11 7515.14 7518.14 7521.02 7523.68 7525.99 7527.79 7528.95 7529.35 7528.95 7527.79 7525.99 7523.68 7521.02 7518.14 7515.14 7512.11 7509.11 7506.19 
7505.8 7503.06 7500.53 7498.24 7496.2 7494.43 7492.94 7491.77 7490.91 7490.39 7490.22 7490.39 7490.91 7491.77 7492.94 7494.43 7496.2 7498.24 7500.53 7503.06 7505.8 7508.74 7511.86 7515.14 7518.52 7521.94 7525.31 7528.51 7531.35 7533.63 7535.12 7535.65 7535.12 7533.63 7531.35 7528.51 7525.31 7521.94 7518.52 7515.14 7511.86 7508.74 
7508.05 7505.19 7502.6 7500.28 7498.24 7496.49 7495.03 7493.89 7493.06 7492.56 7492.4 7492.56 7493.06 7493.89 7495.03 7496.49 7498.24 7500.28 7502.6 7505.19 7508.05 7511.17 7514.54 7518.14 7521.94 7525.89 7529.89 7533.81 7537.41 7540.39 7542.4 7543.12 7542.4 7540.39 7537.41 7533.81 7529.89 7525.89 7521.94 7518.14 7514.54 7511.17 
7510.09 7507.1 7504.42 7502.05 7499.99 7498.24 7496.8 7495.67 7494.86 7494.37 7494.21 7494.37 7494.86 7495.67 7496.8 7498.24 7499.99 7502.05 7504.42 7507.1 7510.09 7513.41 7517.05 7521.02 7525.31 7529.89 7534.69 7539.55 7544.21 7548.26 7551.12 7552.18 7551.12 7548.26 7544.21 7539.55 7534.69 7529.89 7525.31 7521.02 7517.05 7513.41 
7511.87 7508.73 7505.96 7503.54 7501.45 7499.68 7498.24 7497.12 7496.32 7495.84 7495.68 7495.84 7496.32 7497.12 7498.24 7499.68 7501.45 7503.54 7505.96 7508.73 7511.87 7515.39 7519.32 7523.68 7528.51 7533.81 7539.55 7545.63 7551.78 7557.47 7561.8 7563.53 7561.8 7557.47 7551.78 7545.63 7539.55 7533.81 7528.51 7523.68 7519.32 7515.39 
7513.33 7510.06 7507.2 7504.72 7502.59 7500.81 7499.36 7498.24 7497.44 7496.96 7496.8 7496.96 7497.44 7498.24 7499.36 7500.81 7502.59 7504.72 7507.2 7510.06 7513.33 7517.04 7521.24 7525.99 7531.35 7537.41 7544.21 7551.78 7559.95 7568.21 7575.23 7578.49 7575.23 7568.21 7559.95 7551.78 7544.21 7537.41 7531.35 7525.99 7521.24 7517.04 
7514.41 7511.04 7508.1 7505.57 7503.42 7501.62 7500.17 7499.04 7498.24 7497.76 7497.6 7497.76 7498.24 7499.04 7500.17 7501.62 7503.42 7505.57 7508.1 7511.04 7514.41 7518.28 7522.71 7527.79 7533.63 7540.39 7548.26 7557.47 7568.21 7580.36 7592.6 7600.17 7592.6 7580.36 7568.21 7557.47 7548.26 7540.39 7533.63 7527.79 7522.71 7518.28 
7515.09 7511.64 7508.66 7506.09 7503.92 7502.11 7500.65 7499.52 7498.72 7498.24 7498.08 7498.24 7498.72 7499.52 7500.65 7502.11 7503.92 7506.09 7508.66 7511.64 7515.09 7519.06 7523.64 7528.95 7535.12 7542.4 7551.12 7561.8 7575.23 7592.6 7614.83 7637.17 7614.83 7592.6 7575.23 7561.8 7551.12 7542.4 7535.12 7528.95 7523.64 7519.06 
7515.32 7511.84 7508.84 7506.27 7504.09 7502.27 7500.81 7499.68 7498.88 7498.4 7498.24 7498.4 7498.88 7499.68 7500.81 7502.27 7504.09 7506.27 7508.84 7511.84 7515.32 7519.33 7523.96 7529.35 7535.65 7543.12 7552.18 7563.53 7578.49 7600.17 7637.17 7719.18 7637.17 7600.17 7578.49 7563.53 7552.18 7543.12 7535.65 7529.35 7523.96 7519.33 
7515.09 7511.64 7508.66 7506.09 7503.92 7502.11 7500.65 7499.52 7498.72 7498.24 7498.08 7498.24 7498.72 7499.52 7500.65 7502.11 7503.92 7506.09 7508.66 7511.64 7515.09 7519.06 7523.64 7528.95 7535.12 7542.4 7551.12 7561.8 7575.23 7592.6 7614.83 7637.17 7614.83 7592.6 7575.23 7561.8 7551.12 7542.4 7535.12 7528.95 7523.64 7519.06 
7514.41 7511.04 7508.1 7505.57 7503.42 7501.62 7500.17 7499.04 7498.24 7497.76 7497.6 7497.76 7498.24 7499.04 7500.17 7501.62 7503.42 7505.57 7508.1 7511.04 7514.41 7518.28 7522.71 7527.79 7533.63 7540.39 7548.26 7557.47 7568.21 7580.36 7592.6 7600.17 7592.6 7580.36 7568.21 7557.47 7548.26 7540.39 7533.63 7527.79 7522.71 7518.28 
7513.33 7510.06 7507.2 7504.72 7502.59 7500.81 7499.36 7498.24 7497.44 7496.96 7496.8 7496.96 7497.44 7498.24 7499.36 7500.81 7502.59 7504.72 7507.2 7510.06 7513.33 7517.04 7521.24 7525.99 7531.35 7537.41 7544.21 7551.78 7559.95 7568.21 7575.23 7578.49 7575.23 7568.21 7559.95 7551.78 7544.21 7537.41 7531.35 7525.99 7521.24 7517.04 
7511.87 7508.73 7505.96 7503.54 7501.45 7499.68 7498.24 7497.12 7496.32 7495.84 7495.68 7495.84 7496.32 7497.12 7498.24 7499.68 7501.45 7503.54 7505.96 7508.73 7511.87 7515.39 7519.32 7523.68 7528.51 7533.81 7539.55 7545.63 7551.78 7557.47 7561.8 7563.53 7561.8 7557.47 7551.78 7545.63 7539.55 7533.81 7528.51 7523.68 7519.32 7515.39 
7510.09 7507.1 7504.42 7502.05 7499.99 7498.24 7496.8 7495.67 7494.86 7494.37 7494.21 7494.37 7494.86 7495.67 7496.8 7498.24 7499.99 7502.05 7504.42 7507.1 7510.09 7513.41 7517.05 7521.02 7525.31 7529.89 7534.69 7539.55 7544.21 7548.26 7551.12 7552.18 7551.12 7548.26 7544.21 7539.55 7534.69 7529.89 7525.31 7521.02 7517.05 7513.41 
7508.05 7505.19 7502.6 7500.28 7498.24 7496.49 7495.03 7493.89 7493.06 7492.56 7492.4 7492.56 7493.06 7493.89 7495.03 7496.49 7498.24 7500.28 7502.6 7505.19 7508.05 7511.17 7514.54 7518.14 7521.94 7525.89 7529.89 7533.81 7537.41 7540.39 7542.4 7543.12 7542.4 7540.39 7537.41 7533.81 7529.89 7525.89 7521.94 7518.14 7514.54 7511.17 
7505.8 7503.06 7500.53 7498.24 7496.2 7494.43 7492.94 7491.77 7490.91 7490.39 7490.22 7490.39 7490.91 7491.77 7492.94 7494.43 7496.2 7498.24 7500.53 7503.06 7505.8 7508.74 7511.86 7515.14 7518.52 7521.94 7525.31 7528.51 7531.35 7533.63 7535.12 7535.65 7535.12 7533.63 7531.35 7528.51 7525.31 7521.94 7518.52 7515.14 7511.86 7508.74 
7503.39 7500.73 7498.24 7495.95 7493.88 7492.06 7490.52 7489.28 7488.38 7487.83 7487.64 7487.83 7488.38 7489.28 7490.52 7492.06 7493.88 7495.95 7498.24 7500.73 7503.39 7506.19 7509.11 7512.11 7515.14 7518.14 7521.02 7523.68 7525.99 7527.79 7528.95 7529.35 7528.95 7527.79 7525.99 7523.68 7521.02 7518.14 7515.14 7512.11 7509.11 7506.19 
7500.85 7498.24 7495.75 7493.42 7491.29 7489.38 7487.75 7486.42 7485.45 7484.84 7484.64 7484.84 7485.45 7486.42 7487.75 7489.38 7491.29 7493.42 7495.75 7498.24 7500.85 7503.56 7506.32 7509.11 7511.86 7514.54 7517.05 7519.32 7521.24 7522.71 7523.64 7523.96 7523.64 7522.71 7521.24 7519.32 7517.05 7514.54 7511.86 7509.11 7506.32 7503.56 
7498.24 7495.63 7493.09 7490.68 7488.43 7486.39 7484.61 7483.16 7482.07 7481.4 7481.17 7481.4 7482.07 7483.16 7484.61 7486.39 7488.43 7490.68 7493.09 7495.63 7498.24 7500.9 7503.56 7506.19 7508.74 7511.17 7513.41 7515.39 7517.04 7518.28 7519.06 7519.33 7519.06 7518.28 7517.04 7515.39 7513.41 7511.17 7508.74 7506.19 7503.56 7500.9 
