7495.96 7493.66 7491.39 7489.17 7487.05 7485.09 7483.34 7481.88 7480.77 7480.07 7479.84 7480.07 7480.77 7481.88 7483.34 7485.09 7487.05 7489.17 7491.39 7493.66 7495.96 7498.24 7500.49 7502.67 7504.74 7506.69 7508.46 7510 7511.27 7512.23 7512.82 7513.02 7512.82 7512.23 7511.27 7510 7508.46 7506.69 7504.74 7502.67 7500.49 7498.24 
7493.66 7491.27 7488.84 7486.42 7484.06 7481.82 7479.78 7478.05 7476.71 7475.87 7475.58 7475.87 7476.71 7478.05 7479.78 7481.82 7484.06 7486.42 7488.84 7491.27 7493.66 7496 7498.24 7500.37 7502.37 7504.2 7505.83 7507.24 7508.38 7509.22 7509.74 7509.91 7509.74 7509.22 7508.38 7507.24 7505.83 7504.2 7502.37 7500.37 7498.24 7496 
7491.39 7488.84 7486.2 7483.5 7480.81 7478.21 7475.78 7473.66 7472 7470.93 7470.56 7470.93 7472 7473.66 7475.78 7478.21 7480.81 7483.5 7486.2 7488.84 7491.39 7493.82 7496.11 7498.24 7500.2 7501.96 7503.51 7504.82 7505.87 7506.64 7507.11 7507.27 7507.11 7506.64 7505.87 7504.82 7503.51 7501.96 7500.2 7498.24 7496.11 7493.82 
7489.17 7486.42 7483.5 7480.46 7477.35 7474.26 7471.3 7468.64 7466.51 7465.1 7464.61 7465.1 7466.51 7468.64 7471.3 7474.26 7477.35 7480.46 7483.5 7486.42 7489.17 7491.74 7494.12 7496.29 7498.24 7499.98 7501.48 7502.73 7503.73 7504.45 7504.88 7505.03 7504.88 7504.45 7503.73 7502.73 7501.48 7499.98 7498.24 7496.29 7494.12 7491.74 
7487.05 7484.06 7480.81 7477.35 7473.72 7469.99 7466.32 7462.91 7460.07 7458.15 7457.46 7458.15 7460.07 7462.91 7466.32 7469.99 7473.72 7477.35 7480.81 7484.06 7487.05 7489.8 7492.29 7494.52 7496.51 7498.24 7499.72 7500.95 7501.91 7502.6 7503.02 7503.16 7503.02 7502.6 7501.91 7500.95 7499.72 7498.24 7496.51 7494.52 7492.29 7489.8 
7485.09 7481.82 7478.21 7474.26 7469.99 7465.48 7460.86 7456.4 7452.5 7449.72 7448.69 7449.72 7452.5 7456.4 7460.86 7465.48 7469.99 7474.26 7478.21 7481.82 7485.09 7488.03 7490.65 7492.98 7495.01 7496.76 7498.24 7499.46 7500.4 7501.07 7501.48 7501.62 7501.48 7501.07 7500.4 7499.46 7498.24 7496.76 7495.01 7492.98 7490.65 7488.03 
7483.34 7479.78 7475.78 7471.3 7466.32 7460.86 7455.03 7449.09 7443.55 7439.32 7437.62 7439.32 7443.55 7449.09 7455.03 7460.86 7466.32 7471.3 7475.78 7479.78 7483.34 7486.48 7489.25 7491.67 7493.76 7495.54 7497.03 7498.24 7499.18 7499.85 7500.25 7500.38 7500.25 7499.85 7499.18 7498.24 7497.03 7495.54 7493.76 7491.67 7489.25 7486.48 
7481.88 7478.05 7473.66 7468.64 7462.91 7456.4 7449.09 7441.12 7433.03 7426.12 7422.91 7426.12 7433.03 7441.12 7449.09 7456.4 7462.91 7468.64 7473.66 7478.05 7481.88 7485.21 7488.11 7490.61 7492.76 7494.58 7496.09 7497.31 7498.24 7498.91 7499.31 7499.44 7499.31 7498.91 7498.24 7497.31 7496.09 7494.58 7492.76 7490.61 7488.11 7485.21 
7480.77 7476.71 7472 7466.51 7460.07 7452.5 7443.55 7433.03 7421.07 7408.98 7401.48 7408.98 7421.07 7433.03 7443.55 7452.5 7460.07 7466.51 7472 7476.71 7480.77 7484.26 7487.27 7489.85 7492.04 7493.89 7495.41 7496.64 7497.58 7498.25 7498.64 7498.77 7498.64 7498.25 7497.58 7496.64 7495.41 7493.89 7492.04 7489.85 7487.27 7484.26 
7480.07 7475.87 7470.93 7465.1 7458.15 7449.72 7439.32 7426.12 7408.98 7386.96 7364.81 7386.96 7408.98 7426.12 7439.32 7449.72 7458.15 7465.1 7470.93 7475.87 7480.07 7483.67 7486.75 7489.38 7491.6 7493.47 7495.01 7496.24 7497.18 7497.85 7498.25 7498.38 7498.25 7497.85 7497.18 7496.24 7495.01 7493.47 7491.6 7489.38 7486.75 7483.67 
7479.84 7475.58 7470.56 7464.61 7457.46 7448.69 7437.62 7422.91 7401.48 7364.81 7283.67 7364.81 7401.48 7422.91 7437.62 7448.69 7457.46 7464.61 7470.56 7475.58 7479.84 7483.47 7486.57 7489.22 7491.46 7493.33 7494.87 7496.11 7497.05 7497.72 7498.11 7498.25 7498.11 7497.72 7497.05 7496.11 7494.87 7493.33 7491.46 7489.22 7486.57 7483.47 
7480.07 7475.87 7470.93 7465.1 7458.15 7449.72 7439.32 7426.12 7408.98 7386.96 7364.81 7386.96 7408.98 7426.12 7439.32 7449.72 7458.15 7465.1 7470.93 7475.87 7480.07 7483.67 7486.75 7489.38 7491.6 7493.47 7495.01 7496.24 7497.18 7497.85 7498.25 7498.38 7498.25 7497.85 7497.18 7496.24 7495.01 7493.47 7491.6 7489.38 7486.75 7483.67 
7480.77 7476.71 7472 7466.51 7460.07 7452.5 7443.55 7433.03 7421.07 7408.98 7401.48 7408.98 7421.07 7433.03 7443.55 7452.5 7460.07 7466.51 7472 7476.71 7480.77 7484.26 7487.27 7489.85 7492.04 7493.89 7495.41 7496.64 7497.58 7498.25 7498.64 7498.77 7498.64 7498.25 7497.58 7496.64 7495.41 7493.89 7492.04 7489.85 7487.27 7484.26 
7481.88 7478.05 7473.66 7468.64 7462.91 7456.4 7449.09 7441.12 7433.03 7426.12 7422.91 7426.12 7433.03 7441.12 7449.09 7456.4 7462.91 7468.64 7473.66 7478.05 7481.88 7485.21 7488.11 7490.61 7492.76 7494.58 7496.09 7497.31 7498.24 7498.91 7499.31 7499.44 7499.31 7498.91 7498.24 7497.31 7496.09 7494.58 7492.76 7490.61 7488.11 7485.21 
7483.34 7479.78 7475.78 7471.3 7466.32 7460.86 7455.03 7449.09 7443.55 7439.32 7437.62 7439.32 7443.55 7449.09 7455.03 7460.86 7466.32 7471.3 7475.78 7479.78 7483.34 7486.48 7489.25 7491.67 7493.76 7495.54 7497.03 7498.24 7499.18 7499.85 7500.25 7500.38 7500.25 7499.85 7499.18 7498.24 7497.03 7495.54 7493.76 7491.67 7489.25 7486.48 
7485.09 7481.82 7478.21 7474.26 7469.99 7465.48 7460.86 7456.4 7452.5 7449.72 7448.69 7449.72 7452.5 7456.4 7460.86 7465.48 7469.99 7474.26 7478.21 7481.82 7485.09 7488.03 7490.65 7492.98 7495.01 7496.76 7498.24 7499.46 7500.4 7501.07 7501.48 7501.62 7501.48 7501.07 7500.4 7499.46 7498.24 7496.76 7495.01 7492.98 7490.65 7488.03 
7487.05 7484.06 7480.81 7477.35 7473.72 7469.99 7466.32 7462.91 7460.07 7458.15 7457.46 7458.15 7460.07 7462.91 7466.32 7469.99 7473.72 7477.35 7480.81 7484.06 7487.05 7489.8 7492.29 7494.52 7496.51 7498.24 7499.72 7500.95 7501.91 7502.6 7503.02 7503.16 7503.02 7502.6 7501.91 7500.95 7499.72 7498.24 7496.51 7494.52 7492.29 7489.8 
7489.17 7486.42 7483.5 7480.46 7477.35 7474.26 7471.3 7468.64 7466.51 7465.1 7464.61 7465.1 7466.51 7468.64 7471.3 7474.26 7477.35 7480.46 7483.5 7486.42 7489.17 7491.74 7494.12 7496.29 7498.24 7499.98 7501.48 7502.73 7503.73 7504.45 7504.88 7505.03 7504.88 7504.45 7503.73 7502.73 7501.48 7499.98 7498.24 7496.29 7494.12 7491.74 
7491.39 7488.84 7486.2 7483.5 7480.81 7478.21 7475.78 7473.66 7472 7470.93 7470.56 7470.93 7472 7473.66 7475.78 7478.21 7480.81 7483.5 7486.2 7488.84 7491.39 7493.82 7496.11 7498.24 7500.2 7501.96 7503.51 7504.82 7505.87 7506.64 7507.11 7507.27 7507.11 7506.64 7505.87 7504.82 7503.51 7501.96 7500.2 7498.24 7496.11 7493.82 
7493.66 7491.27 7488.84 7486.42 7484.06 7481.82 7479.78 7478.05 7476.71 7475.87 7475.58 7475.87 7476.71 7478.05 7479.78 7481.82 7484.06 7486.42 7488.84 7491.27 7493.66 7496 7498.24 7500.37 7502.37 7504.2 7505.83 7507.24 7508.38 7509.22 7509.74 7509.91 7509.74 7509.22 7508.38 7507.24 7505.83 7504.2 7502.37 7500.37 7498.24 7496 
7495.96 7493.66 7491.39 7489.17 7487.05 7485.09 7483.34 7481.88 7480.77 7480.07 7479.84 7480.07 7480.77 7481.88 7483.34 7485.09 7487.05 7489.17 7491.39 7493.66 7495.96 7498.24 7500.49 7502.67 7504.74 7506.69 7508.46 7510 7511.27 7512.23 7512.82 7513.02 7512.82 7512.23 7511.27 7510 7508.46 7506.69 7504.74 7502.67 7500.49 7498.24 
7498.24 7496 7493.82 7491.74 7489.8 7488.03 7486.48 7485.21 7484.26 7483.67 7483.47 7483.67 7484.26 7485.21 7486.48 7488.03 7489.8 7491.74 7493.82 7496 7498.24 7500.53 7502.82 7505.1 7507.31 7509.43 7511.4 7513.15 7514.61 7515.72 7516.42 7516.65 7516.42 7515.72 7514.61 7513.15 7511.4 7509.43 7507.31 7505.1 7502.82 7500.53 
7500.49 7498.24 7496.11 7494.12 7492.29 7490.65 7489.25 7488.11 7487.27 7486.75 7486.57 7486.75 7487.27 7488.11 7489.25 7490.65 7492.29 7494.12 7496.11 7498.24 7500.49 7502.82 7505.22 7507.65 7510.07 7512.43 7514.67 7516.7 7518.44 7519.78 7520.63 7520.92 7520.63 7519.78 7518.44 7516.7 7514.67 7512.43 7510.07 7507.65 7505.22 7502.82 
7502.67 7500.37 7498.24 7496.29 7494.52 7492.98 7491.67 7490.61 7489.85 7489.38 7489.22 7489.38 7489.85 7490.61 7491.67 7492.98 7494.52 7496.29 7498.24 7500.37 7502.67 7505.1 7507.65 7510.29 7512.98 7515.67 7518.28 7520.71 7522.83 7524.49 7525.57 7525.94 7525.57 7524.49 7522.83 7520.71 7518.28 7515.67 7512.98 7510.29 7507.65 7505.1 
7504.74 7502.37 7500.2 7498.24 7496.51 7495.01 7493.76 7492.76 7492.04 7491.6 7491.46 7491.6 7492.04 7492.76 7493.76 7495.01 7496.51 7498.24 7500.2 7502.37 7504.74 7507.31 7510.07 7512.98 7516.02 7519.14 7522.24 7525.2 7527.85 7530 7531.4 7531.9 7531.4 7530 7527.85 7525.2 7522.24 7519.14 7516.02 7512.98 7510.07 7507.31 
7506.69 7504.2 7501.96 7499.98 7498.24 7496.76 7495.54 7494.58 7493.89 7493.47 7493.33 7493.47 7493.89 7494.58 7495.54 7496.76 7498.24 7499.98 7501.96 7504.2 7506.69 7509.43 7512.43 7515.67 7519.14 7522.78 7526.51 7530.18 7533.59 7536.44 7538.37 7539.06 7538.37 7536.44 7533.59 7530.18 7526.51 7522.78 7519.14 7515.67 7512.43 7509.43 
7508.46 7505.83 7503.51 7501.48 7499.72 7498.24 7497.03 7496.09 7495.41 7495.01 7494.87 7495.01 7495.41 7496.09 7497.03 7498.24 7499.72 7501.48 7503.51 7505.83 7508.46 7511.4 7514.67 7518.28 7522.24 7526.51 7531.02 7535.65 7540.12 7544.03 7546.81 7547.84 7546.81 7544.03 7540.12 7535.65 7531.02 7526.51 7522.24 7518.28 7514.67 7511.4 
7510 7507.24 7504.82 7502.73 7500.95 7499.46 7498.24 7497.31 7496.64 7496.24 7496.11 7496.24 7496.64 7497.31 7498.24 7499.46 7500.95 7502.73 7504.82 7507.24 7510 7513.15 7516.7 7520.71 7525.2 7530.18 7535.65 7541.49 7547.45 7553 7557.24 7558.94 7557.24 7553 7547.45 7541.49 7535.65 7530.18 7525.2 7520.71 7516.7 7513.15 
7511.27 7508.38 7505.87 7503.73 7501.91 7500.4 7499.18 7498.24 7497.58 7497.18 7497.05 7497.18 7497.58 7498.24 7499.18 7500.4 7501.91 7503.73 7505.87 7508.38 7511.27 7514.61 7518.44 7522.83 7527.85 7533.59 7540.12 7547.45 7555.43 7563.55 7570.49 7573.72 7570.49 7563.55 7555.43 7547.45 7540.12 7533.59 7527.85 7522.83 7518.44 7514.61 
7512.23 7509.22 7506.64 7504.45 7502.6 7501.07 7499.85 7498.91 7498.25 7497.85 7497.72 7497.85 7498.25 7498.91 7499.85 7501.07 7502.6 7504.45 7506.64 7509.22 7512.23 7515.72 7519.78 7524.49 7530 7536.44 7544.03 7553 7563.55 7575.56 7587.71 7595.25 7587.71 7575.56 7563.55 7553 7544.03 7536.44 7530 7524.49 7519.78 7515.72 
7512.82 7509.74 7507.11 7504.88 7503.02 7501.48 7500.25 7499.31 7498.64 7498.25 7498.11 7498.25 7498.64 7499.31 7500.25 7501.48 7503.02 7504.88 7507.11 7509.74 7512.82 7516.42 7520.63 7525.57 7531.4 7538.37 7546.81 7557.24 7570.49 7587.71 7609.86 7632.16 7609.86 7587.71 7570.49 7557.24 7546.81 7538.37 7531.4 7525.57 7520.63 7516.42 
7513.02 7509.91 7507.27 7505.03 7503.16 7501.62 7500.38 7499.44 7498.77 7498.38 7498.25 7498.38 7498.77 7499.44 7500.38 7501.62 7503.16 7505.03 7507.27 7509.91 7513.02 7516.65 7520.92 7525.94 7531.9 7539.06 7547.84 7558.94 7573.72 7595.25 7632.16 7714.12 7632.16 7595.25 7573.72 7558.94 7547.84 7539.06 7531.9 7525.94 7520.92 7516.65 
7512.82 7509.74 7507.11 7504.88 7503.02 7501.48 7500.25 7499.31 7498.64 7498.25 7498.11 7498.25 7498.64 7499.31 7500.25 7501.48 7503.02 7504.88 7507.11 7509.74 7512.82 7516.42 7520.63 7525.57 7531.4 7538.37 7546.81 7557.24 7570.49 7587.71 7609.86 7632.16 7609.86 7587.71 7570.49 7557.24 7546.81 7538.37 7531.4 7525.57 7520.63 7516.42 
7512.23 7509.22 7506.64 7504.45 7502.6 7501.07 7499.85 7498.91 7498.25 7497.85 7497.72 7497.85 7498.25 7498.91 7499.85 7501.07 7502.6 7504.45 7506.64 7509.22 7512.23 7515.72 7519.78 7524.49 7530 7536.44 7544.03 7553 7563.55 7575.56 7587.71 7595.25 7587.71 7575.56 7563.55 7553 7544.03 7536.44 7530 7524.49 7519.78 7515.72 
7511.27 7508.38 7505.87 7503.73 7501.91 7500.4 7499.18 7498.24 7497.58 7497.18 7497.05 7497.18 7497.58 7498.24 7499.18 7500.4 7501.91 7503.73 7505.87 7508.38 7511.27 7514.61 7518.44 7522.83 7527.85 7533.59 7540.12 7547.45 7555.43 7563.55 7570.49 7573.72 7570.49 7563.55 7555.43 7547.45 7540.12 7533.59 7527.85 7522.83 7518.44 7514.61 
7510 7507.24 7504.82 7502.73 7500.95 7499.46 7498.24 7497.31 7496.64 7496.24 7496.11 7496.24 7496.64 7497.31 7498.24 7499.46 7500.95 7502.73 7504.82 7507.24 7510 7513.15 7516.7 7520.71 7525.2 7530.18 7535.65 7541.49 7547.45 7553 7557.24 7558.94 7557.24 7553 7547.45 7541.49 7535.65 7530.18 7525.2 7520.71 7516.7 7513.15 
7508.46 7505.83 7503.51 7501.48 7499.72 7498.24 7497.03 7496.09 7495.41 7495.01 7494.87 7495.01 7495.41 7496.09 7497.03 7498.24 7499.72 7501.48 7503.51 7505.83 7508.46 7511.4 7514.67 7518.28 7522.24 7526.51 7531.02 7535.65 7540.12 7544.03 7546.81 7547.84 7546.81 7544.03 7540.12 7535.65 7531.02 7526.51 7522.24 7518.28 7514.67 7511.4 
7506.69 7504.2 7501.96 7499.98 7498.24 7496.76 7495.54 7494.58 7493.89 7493.47 7493.33 7493.47 7493.89 7494.58 7495.54 7496.76 7498.24 7499.98 7501.96 7504.2 7506.69 7509.43 7512.43 7515.67 7519.14 7522.78 7526.51 7530.18 7533.59 7536.44 7538.37 7539.06 7538.37 7536.44 7533.59 7530.18 7526.51 7522.78 7519.14 7515.67 7512.43 7509.43 
7504.74 7502.37 7500.2 7498.24 7496.51 7495.01 7493.76 7492.76 7492.04 7491.6 7491.46 7491.6 7492.04 7492.76 7493.76 7495.01 7496.51 7498.24 7500.2 7502.37 7504.74 7507.31 7510.07 7512.98 7516.02 7519.14 7522.24 7525.2 7527.85 7530 7531.4 7531.9 7531.4 7530 7527.85 7525.2 7522.24 7519.14 7516.02 7512.98 7510.07 7507.31 
7502.67 7500.37 7498.24 7496.29 7494.52 7492.98 7491.67 7490.61 7489.85 7489.38 7489.22 7489.38 7489.85 7490.61 7491.67 7492.98 7494.52 7496.29 7498.24 7500.37 7502.67 7505.1 7507.65 7510.29 7512.98 7515.67 7518.28 7520.71 7522.83 7524.49 7525.57 7525.94 7525.57 7524.49 7522.83 7520.71 7518.28 7515.67 7512.98 7510.29 7507.65 7505.1 
7500.49 7498.24 7496.11 7494.12 7492.29 7490.65 7489.25 7488.11 7487.27 7486.75 7486.57 7486.75 7487.27 7488.11 7489.25 7490.65 7492.29 7494.12 7496.11 7498.24 7500.49 7502.82 7505.22 7507.65 7510.07 7512.43 7514.67 7516.7 7518.44 7519.78 7520.63 7520.92 7520.63 7519.78 7518.44 7516.7 7514.67 7512.43 7510.07 7507.65 7505.22 7502.82 
7498.24 7496 7493.82 7491.74 7489.8 7488.03 7486.48 7485.21 7484.26 7483.67 7483.47 7483.67 7484.26 7485.21 7486.48 7488.03 7489.8 7491.74 7493.82 7496 7498.24 7500.53 7502.82 7505.1 7507.31 7509.43 7511.4 7513.15 7514.61 7515.72 7516.42 7516.65 7516.42 7515.72 7514.61 7513.15 7511.4 7509.43 7507.31 7505.1 7502.82 7500.53 
