7495.3 7492.36 7489.46 7486.65 7483.99 7481.55 7479.39 7477.6 7476.25 7475.41 7475.13 7475.41 7476.25 7477.6 7479.39 7481.55 7483.99 7486.65 7489.46 7492.36 7495.3 7498.24 7501.13 7503.93 7506.6 7509.09 7511.33 7513.29 7514.89 7516.08 7516.81 7517.06 7516.81 7516.08 7514.89 7513.29 7511.33 7509.09 7506.6 7503.93 7501.13 7498.24 
7492.36 7489.31 7486.26 7483.25 7480.35 7477.63 7475.19 7473.13 7471.55 7470.56 7470.22 7470.56 7471.55 7473.13 7475.19 7477.63 7480.35 7483.25 7486.26 7489.31 7492.36 7495.35 7498.24 7500.99 7503.58 7505.95 7508.06 7509.87 7511.34 7512.42 7513.08 7513.31 7513.08 7512.42 7511.34 7509.87 7508.06 7505.95 7503.58 7500.99 7498.24 7495.35 
7489.46 7486.26 7482.99 7479.71 7476.48 7473.39 7470.56 7468.11 7466.21 7464.99 7464.57 7464.99 7466.21 7468.11 7470.56 7473.39 7476.48 7479.71 7482.99 7486.26 7489.46 7492.54 7495.48 7498.24 7500.78 7503.09 7505.11 7506.83 7508.21 7509.22 7509.83 7510.04 7509.83 7509.22 7508.21 7506.83 7505.11 7503.09 7500.78 7498.24 7495.48 7492.54 
7486.65 7483.25 7479.71 7476.08 7472.43 7468.85 7465.48 7462.5 7460.12 7458.57 7458.03 7458.57 7460.12 7462.5 7465.48 7468.85 7472.43 7476.08 7479.71 7483.25 7486.65 7489.88 7492.9 7495.69 7498.24 7500.51 7502.49 7504.15 7505.47 7506.43 7507.01 7507.21 7507.01 7506.43 7505.47 7504.15 7502.49 7500.51 7498.24 7495.69 7492.9 7489.88 
7483.99 7480.35 7476.48 7472.43 7468.25 7464.04 7459.96 7456.23 7453.14 7451.07 7450.33 7451.07 7453.14 7456.23 7459.96 7464.04 7468.25 7472.43 7476.48 7480.35 7483.99 7487.39 7490.53 7493.39 7495.96 7498.24 7500.2 7501.83 7503.11 7504.04 7504.61 7504.79 7504.61 7504.04 7503.11 7501.83 7500.2 7498.24 7495.96 7493.39 7490.53 7487.39 
7481.55 7477.63 7473.39 7468.85 7464.04 7459.05 7454.02 7449.23 7445.09 7442.17 7441.09 7442.17 7445.09 7449.23 7454.02 7459.05 7464.04 7468.85 7473.39 7477.63 7481.55 7485.15 7488.42 7491.36 7493.99 7496.28 7498.24 7499.86 7501.13 7502.04 7502.59 7502.77 7502.59 7502.04 7501.13 7499.86 7498.24 7496.28 7493.99 7491.36 7488.42 7485.15 
7479.39 7475.19 7470.56 7465.48 7459.96 7454.02 7447.78 7441.51 7435.73 7431.36 7429.61 7431.36 7435.73 7441.51 7447.78 7454.02 7459.96 7465.48 7470.56 7475.19 7479.39 7483.19 7486.61 7489.65 7492.33 7494.65 7496.62 7498.24 7499.5 7500.41 7500.95 7501.13 7500.95 7500.41 7499.5 7498.24 7496.62 7494.65 7492.33 7489.65 7486.61 7483.19 
7477.6 7473.13 7468.11 7462.5 7456.23 7449.23 7441.51 7433.22 7424.89 7417.83 7414.57 7417.83 7424.89 7433.22 7441.51 7449.23 7456.23 7462.5 7468.11 7473.13 7477.6 7481.59 7485.14 7488.27 7491.01 7493.36 7495.35 7496.98 7498.24 7499.14 7499.68 7499.86 7499.68 7499.14 7498.24 7496.98 7495.35 7493.36 7491.01 7488.27 7485.14 7481.59 
7476.25 7471.55 7466.21 7460.12 7453.14 7445.09 7435.73 7424.89 7412.69 7400.45 7392.9 7400.45 7412.69 7424.89 7435.73 7445.09 7453.14 7460.12 7466.21 7471.55 7476.25 7480.4 7484.06 7487.26 7490.05 7492.43 7494.44 7496.07 7497.34 7498.24 7498.78 7498.96 7498.78 7498.24 7497.34 7496.07 7494.44 7492.43 7490.05 7487.26 7484.06 7480.4 
7475.41 7470.56 7464.99 7458.57 7451.07 7442.17 7431.36 7417.83 7400.45 7378.29 7356.1 7378.29 7400.45 7417.83 7431.36 7442.17 7451.07 7458.57 7464.99 7470.56 7475.41 7479.67 7483.4 7486.65 7489.46 7491.87 7493.89 7495.53 7496.79 7497.7 7498.24 7498.42 7498.24 7497.7 7496.79 7495.53 7493.89 7491.87 7489.46 7486.65 7483.4 7479.67 
7475.13 7470.22 7464.57 7458.03 7450.33 7441.09 7429.61 7414.57 7392.9 7356.1 7274.93 7356.1 7392.9 7414.57 7429.61 7441.09 7450.33 7458.03 7464.57 7470.22 7475.13 7479.42 7483.17 7486.44 7489.27 7491.68 7493.7 7495.34 7496.61 7497.52 7498.06 7498.24 7498.06 7497.52 7496.61 7495.34 7493.7 7491.68 7489.27 7486.44 7483.17 7479.42 
7475.41 7470.56 7464.99 7458.57 7451.07 7442.17 7431.36 7417.83 7400.45 7378.29 7356.1 7378.29 7400.45 7417.83 7431.36 7442.17 7451.07 7458.57 7464.99 7470.56 7475.41 7479.67 7483.4 7486.65 7489.46 7491.87 7493.89 7495.53 7496.79 7497.7 7498.24 7498.42 7498.24 7497.7 7496.79 7495.53 7493.89 7491.87 7489.46 7486.65 7483.4 7479.67 
7476.25 7471.55 7466.21 7460.12 7453.14 7445.09 7435.73 7424.89 7412.69 7400.45 7392.9 7400.45 7412.69 7424.89 7435.73 7445.09 7453.14 7460.12 7466.21 7471.55 7476.25 7480.4 7484.06 7487.26 7490.05 7492.43 7494.44 7496.07 7497.34 7498.24 7498.78 7498.96 7498.78 7498.24 7497.34 7496.07 7494.44 7492.43 7490.05 7487.26 7484.06 7480.4 
7477.6 7473.13 7468.11 7462.5 7456.23 7449.23 7441.51 7433.22 7424.89 7417.83 7414.57 7417.83 7424.89 7433.22 7441.51 7449.23 7456.23 7462.5 7468.11 7473.13 7477.6 7481.59 7485.14 7488.27 7491.01 7493.36 7495.35 7496.98 7498.24 7499.14 7499.68 7499.86 7499.68 7499.14 7498.24 7496.98 7495.35 7493.36 7491.01 7488.27 7485.14 7481.59 
7479.39 7475.19 7470.56 7465.48 7459.96 7454.02 7447.78 7441.51 7435.73 7431.36 7429.61 7431.36 7435.73 7441.51 7447.78 7454.02 7459.96 7465.48 7470.56 7475.19 7479.39 7483.19 7486.61 7489.65 7492.33 7494.65 7496.62 7498.24 7499.5 7500.41 7500.95 7501.13 7500.95 7500.41 7499.5 7498.24 7496.62 7494.65 7492.33 7489.65 7486.61 7483.19 
7481.55 7477.63 7473.39 7468.85 7464.04 7459.05 7454.02 7449.23 7445.09 7442.17 7441.09 7442.17 7445.09 7449.23 7454.02 7459.05 7464.04 7468.85 7473.39 7477.63 7481.55 7485.15 7488.42 7491.36 7493.99 7496.28 7498.24 7499.86 7501.13 7502.04 7502.59 7502.77 7502.59 7502.04 7501.13 7499.86 7498.24 7496.28 7493.99 7491.36 7488.42 7485.15 
7483.99 7480.35 7476.48 7472.43 7468.25 7464.04 7459.96 7456.23 7453.14 7451.07 7450.33 7451.07 7453.14 7456.23 7459.96 7464.04 7468.25 7472.43 7476.48 7480.35 7483.99 7487.39 7490.53 7493.39 7495.96 7498.24 7500.2 7501.83 7503.11 7504.04 7504.61 7504.79 7504.61 7504.04 7503.11 7501.83 7500.2 7498.24 7495.96 7493.39 7490.53 7487.39 
7486.65 7483.25 7479.71 7476.08 7472.43 7468.85 7465.48 7462.5 7460.12 7458.57 7458.03 7458.57 7460.12 7462.5 7465.48 7468.85 7472.43 7476.08 7479.71 7483.25 7486.65 7489.88 7492.9 7495.69 7498.24 7500.51 7502.49 7504.15 7505.47 7506.43 7507.01 7507.21 7507.01 7506.43 7505.47 7504.15 7502.49 7500.51 7498.24 7495.69 7492.9 7489.88 
7489.46 7486.26 7482.99 7479.71 7476.48 7473.39 7470.56 7468.11 7466.21 7464.99 7464.57 7464.99 7466.21 7468.11 7470.56 7473.39 7476.48 7479.71 7482.99 7486.26 7489.46 7492.54 7495.48 7498.24 7500.78 7503.09 7505.11 7506.83 7508.21 7509.22 7509.83 7510.04 7509.83 7509.22 7508.21 7506.83 7505.11 7503.09 7500.78 7498.24 7495.48 7492.54 
7492.36 7489.31 7486.26 7483.25 7480.35 7477.63 7475.19 7473.13 7471.55 7470.56 7470.22 7470.56 7471.55 7473.13 7475.19 7477.63 7480.35 7483.25 7486.26 7489.31 7492.36 7495.35 7498.24 7500.99 7503.58 7505.95 7508.06 7509.87 7511.34 7512.42 7513.08 7513.31 7513.08 7512.42 7511.34 7509.87 7508.06 7505.95 7503.58 7500.99 7498.24 7495.35 
7495.3 7492.36 7489.46 7486.65 7483.99 7481.55 7479.39 7477.6 7476.25 7475.41 7475.13 7475.41 7476.25 7477.6 7479.39 7481.55 7483.99 7486.65 7489.46 7492.36 7495.3 7498.24 7501.13 7503.93 7506.6 7509.09 7511.33 7513.29 7514.89 7516.08 7516.81 7517.06 7516.81 7516.08 7514.89 7513.29 7511.33 7509.09 7506.6 7503.93 7501.13 7498.24 
7498.24 7495.35 7492.54 7489.88 7487.39 7485.15 7483.19 7481.59 7480.4 7479.67 7479.42 7479.67 7480.4 7481.59 7483.19 7485.15 7487.39 7489.88 7492.54 7495.35 7498.24 7501.18 7504.12 7507.02 7509.83 7512.49 7514.93 7517.09 7518.88 7520.23 7521.07 7521.36 7521.07 7520.23 7518.88 7517.09 7514.93 7512.49 7509.83 7507.02 7504.12 7501.18 
7501.13 7498.24 7495.48 7492.9 7490.53 7488.42 7486.61 7485.14 7484.06 7483.4 7483.17 7483.4 7484.06 7485.14 7486.61 7488.42 7490.53 7492.9 7495.48 7498.24 7501.13 7504.12 7507.16 7510.22 7513.23 7516.13 7518.85 7521.3 7523.36 7524.94 7525.93 7526.27 7525.93 7524.94 7523.36 7521.3 7518.85 7516.13 7513.23 7510.22 7507.16 7504.12 
7503.93 7500.99 7498.24 7495.69 7493.39 7491.36 7489.65 7488.27 7487.26 7486.65 7486.44 7486.65 7487.26 7488.27 7489.65 7491.36 7493.39 7495.69 7498.24 7500.99 7503.93 7507.02 7510.22 7513.49 7516.77 7520 7523.1 7525.94 7528.38 7530.29 7531.51 7531.93 7531.51 7530.29 7528.38 7525.94 7523.1 7520 7516.77 7513.49 7510.22 7507.02 
7506.6 7503.58 7500.78 7498.24 7495.96 7493.99 7492.33 7491.01 7490.05 7489.46 7489.27 7489.46 7490.05 7491.01 7492.33 7493.99 7495.96 7498.24 7500.78 7503.58 7506.6 7509.83 7513.23 7516.77 7520.41 7524.06 7527.65 7531.02 7534 7536.39 7537.94 7538.49 7537.94 7536.39 7534 7531.02 7527.65 7524.06 7520.41 7516.77 7513.23 7509.83 
7509.09 7505.95 7503.09 7500.51 7498.24 7496.28 7494.65 7493.36 7492.43 7491.87 7491.68 7491.87 7492.43 7493.36 7494.65 7496.28 7498.24 7500.51 7503.09 7505.95 7509.09 7512.49 7516.13 7520 7524.06 7528.25 7532.46 7536.55 7540.29 7543.38 7545.46 7546.2 7545.46 7543.38 7540.29 7536.55 7532.46 7528.25 7524.06 7520 7516.13 7512.49 
7511.33 7508.06 7505.11 7502.49 7500.2 7498.24 7496.62 7495.35 7494.44 7493.89 7493.7 7493.89 7494.44 7495.35 7496.62 7498.24 7500.2 7502.49 7505.11 7508.06 7511.33 7514.93 7518.85 7523.1 7527.65 7532.46 7537.46 7542.5 7547.31 7551.46 7554.39 7555.47 7554.39 7551.46 7547.31 7542.5 7537.46 7532.46 7527.65 7523.1 7518.85 7514.93 
7513.29 7509.87 7506.83 7504.15 7501.83 7499.86 7498.24 7496.98 7496.07 7495.53 7495.34 7495.53 7496.07 7496.98 7498.24 7499.86 7501.83 7504.15 7506.83 7509.87 7513.29 7517.09 7521.3 7525.94 7531.02 7536.55 7542.5 7548.76 7555.05 7560.85 7565.24 7566.99 7565.24 7560.85 7555.05 7548.76 7542.5 7536.55 7531.02 7525.94 7521.3 7517.09 
7514.89 7511.34 7508.21 7505.47 7503.11 7501.13 7499.5 7498.24 7497.34 7496.79 7496.61 7496.79 7497.34 7498.24 7499.5 7501.13 7503.11 7505.47 7508.21 7511.34 7514.89 7518.88 7523.36 7528.38 7534 7540.29 7547.31 7555.05 7563.37 7571.73 7578.82 7582.1 7578.82 7571.73 7563.37 7555.05 7547.31 7540.29 7534 7528.38 7523.36 7518.88 
7516.08 7512.42 7509.22 7506.43 7504.04 7502.04 7500.41 7499.14 7498.24 7497.7 7497.52 7497.7 7498.24 7499.14 7500.41 7502.04 7504.04 7506.43 7509.22 7512.42 7516.08 7520.23 7524.94 7530.29 7536.39 7543.38 7551.46 7560.85 7571.73 7583.99 7596.29 7603.88 7596.29 7583.99 7571.73 7560.85 7551.46 7543.38 7536.39 7530.29 7524.94 7520.23 
7516.81 7513.08 7509.83 7507.01 7504.61 7502.59 7500.95 7499.68 7498.78 7498.24 7498.06 7498.24 7498.78 7499.68 7500.95 7502.59 7504.61 7507.01 7509.83 7513.08 7516.81 7521.07 7525.93 7531.51 7537.94 7545.46 7554.39 7565.24 7578.82 7596.29 7618.59 7640.95 7618.59 7596.29 7578.82 7565.24 7554.39 7545.46 7537.94 7531.51 7525.93 7521.07 
7517.06 7513.31 7510.04 7507.21 7504.79 7502.77 7501.13 7499.86 7498.96 7498.42 7498.24 7498.42 7498.96 7499.86 7501.13 7502.77 7504.79 7507.21 7510.04 7513.31 7517.06 7521.36 7526.27 7531.93 7538.49 7546.2 7555.47 7566.99 7582.1 7603.88 7640.95 7722.99 7640.95 7603.88 7582.1 7566.99 7555.47 7546.2 7538.49 7531.93 7526.27 7521.36 
7516.81 7513.08 7509.83 7507.01 7504.61 7502.59 7500.95 7499.68 7498.78 7498.24 7498.06 7498.24 7498.78 7499.68 7500.95 7502.59 7504.61 7507.01 7509.83 7513.08 7516.81 7521.07 7525.93 7531.51 7537.94 7545.46 7554.39 7565.24 7578.82 7596.29 7618.59 7640.95 7618.59 7596.29 7578.82 7565.24 7554.39 7545.46 7537.94 7531.51 7525.93 7521.07 
7516.08 7512.42 7509.22 7506.43 7504.04 7502.04 7500.41 7499.14 7498.24 7497.7 7497.52 7497.7 7498.24 7499.14 7500.41 7502.04 7504.04 7506.43 7509.22 7512.42 7516.08 7520.23 7524.94 7530.29 7536.39 7543.38 7551.46 7560.85 7571.73 7583.99 7596.29 7603.88 7596.29 7583.99 7571.73 7560.85 7551.46 7543.38 7536.39 7530.29 7524.94 7520.23 
7514.89 7511.34 7508.21 7505.47 7503.11 7501.13 7499.5 7498.24 7497.34 7496.79 7496.61 7496.79 7497.34 7498.24 7499.5 7501.13 7503.11 7505.47 7508.21 7511.34 7514.89 7518.88 7523.36 7528.38 7534 7540.29 7547.31 7555.05 7563.37 7571.73 7578.82 7582.1 7578.82 7571.73 7563.37 7555.05 7547.31 7540.29 7534 7528.38 7523.36 7518.88 
7513.29 7509.87 7506.83 7504.15 7501.83 7499.86 7498.24 7496.98 7496.07 7495.53 7495.34 7495.53 7496.07 7496.98 7498.24 7499.86 7501.83 7504.15 7506.83 7509.87 7513.29 7517.09 7521.3 7525.94 7531.02 7536.55 7542.5 7548.76 7555.05 7560.85 7565.24 7566.99 7565.24 7560.85 7555.05 7548.76 7542.5 7536.55 7531.02 7525.94 7521.3 7517.09 
7511.33 7508.06 7505.11 7502.49 7500.2 7498.24 7496.62 7495.35 7494.44 7493.89 7493.7 7493.89 7494.44 7495.35 7496.62 7498.24 7500.2 7502.49 7505.11 7508.06 7511.33 7514.93 7518.85 7523.1 7527.65 7532.46 7537.46 7542.5 7547.31 7551.46 7554.39 7555.47 7554.39 7551.46 7547.31 7542.5 7537.46 7532.46 7527.65 7523.1 7518.85 7514.93 
7509.09 7505.95 7503.09 7500.51 7498.24 7496.28 7494.65 7493.36 7492.43 7491.87 7491.68 7491.87 7492.43 7493.36 7494.65 7496.28 7498.24 7500.51 7503.09 7505.95 7509.09 7512.49 7516.13 7520 7524.06 7528.25 7532.46 7536.55 7540.29 7543.38 7545.46 7546.2 7545.46 7543.38 7540.29 7536.55 7532.46 7528.25 7524.06 7520 7516.13 7512.49 
7506.6 7503.58 7500.78 7498.24 7495.96 7493.99 7492.33 7491.01 7490.05 7489.46 7489.27 7489.46 7490.05 7491.01 7492.33 7493.99 7495.96 7498.24 7500.78 7503.58 7506.6 7509.83 7513.23 7516.77 7520.41 7524.06 7527.65 7531.02 7534 7536.39 7537.94 7538.49 7537.94 7536.39 7534 7531.02 7527.65 7524.06 7520.41 7516.77 7513.23 7509.83 
7503.93 7500.99 7498.24 7495.69 7493.39 7491.36 7489.65 7488.27 7487.26 7486.65 7486.44 7486.65 7487.26 7488.27 7489.65 7491.36 7493.39 7495.69 7498.24 7500.99 7503.93 7507.02 7510.22 7513.49 7516.77 7520 7523.1 7525.94 7528.38 7530.29 7531.51 7531.93 7531.51 7530.29 7528.38 7525.94 7523.1 7520 7516.77 7513.49 7510.22 7507.02 
7501.13 7498.24 7495.48 7492.9 7490.53 7488.42 7486.61 7485.14 7484.06 7483.4 7483.17 7483.4 7484.06 7485.14 7486.61 7488.42 7490.53 7492.9 7495.48 7498.24 7501.13 7504.12 7507.16 7510.22 7513.23 7516.13 7518.85 7521.3 7523.36 7524.94 7525.93 7526.27 7525.93 7524.94 7523.36 7521.3 7518.85 7516.13 7513.23 7510.22 7507.16 7504.12 
7498.24 7495.35 7492.54 7489.88 7487.39 7485.15 7483.19 7481.59 7480.4 7479.67 7479.42 7479.67 7480.4 7481.59 7483.19 7485.15 7487.39 7489.88 7492.54 7495.35 7498.24 7501.18 7504.12 7507.02 7509.83 7512.49 7514.93 7517.09 7518.88 7520.23 7521.07 7521.36 7521.07 7520.23 7518.88 7517.09 7514.93 7512.49 7509.83 7507.02 7504.12 7501.18 
