7495.69 7493.13 7490.6 7488.14 7485.8 7483.64 7481.73 7480.13 7478.92 7478.17 7477.91 7478.17 7478.92 7480.13 7481.73 7483.64 7485.8 7488.14 7490.6 7493.13 7495.69 7498.24 7500.75 7503.18 7505.5 7507.67 7509.63 7511.34 7512.75 7513.8 7514.45 7514.67 7514.45 7513.8 7512.75 7511.34 7509.63 7507.67 7505.5 7503.18 7500.75 7498.24 
7493.13 7490.47 7487.78 7485.12 7482.54 7480.11 7477.9 7476.04 7474.6 7473.69 7473.38 7473.69 7474.6 7476.04 7477.9 7480.11 7482.54 7485.12 7487.78 7490.47 7493.13 7495.73 7498.24 7500.63 7502.86 7504.91 7506.74 7508.31 7509.59 7510.53 7511.1 7511.3 7511.1 7510.53 7509.59 7508.31 7506.74 7504.91 7502.86 7500.63 7498.24 7495.73 
7490.6 7487.78 7484.89 7481.95 7479.04 7476.24 7473.64 7471.39 7469.63 7468.5 7468.11 7468.5 7469.63 7471.39 7473.64 7476.24 7479.04 7481.95 7484.89 7487.78 7490.6 7493.3 7495.85 7498.24 7500.44 7502.42 7504.16 7505.64 7506.83 7507.69 7508.22 7508.4 7508.22 7507.69 7506.83 7505.64 7504.16 7502.42 7500.44 7498.24 7495.85 7493.3 
7488.14 7485.12 7481.95 7478.67 7475.34 7472.04 7468.92 7466.13 7463.89 7462.43 7461.91 7462.43 7463.89 7466.13 7468.92 7472.04 7475.34 7478.67 7481.95 7485.12 7488.14 7490.98 7493.62 7496.04 7498.24 7500.2 7501.89 7503.31 7504.44 7505.26 7505.75 7505.92 7505.75 7505.26 7504.44 7503.31 7501.89 7500.2 7498.24 7496.04 7493.62 7490.98 
7485.8 7482.54 7479.04 7475.34 7471.48 7467.55 7463.71 7460.17 7457.23 7455.25 7454.54 7455.25 7457.23 7460.17 7463.71 7467.55 7471.48 7475.34 7479.04 7482.54 7485.8 7488.81 7491.57 7494.06 7496.29 7498.24 7499.92 7501.31 7502.4 7503.19 7503.67 7503.82 7503.67 7503.19 7502.4 7501.31 7499.92 7498.24 7496.29 7494.06 7491.57 7488.81 
7483.64 7480.11 7476.24 7472.04 7467.55 7462.84 7458.06 7453.46 7449.46 7446.63 7445.58 7446.63 7449.46 7453.46 7458.06 7462.84 7467.55 7472.04 7476.24 7480.11 7483.64 7486.85 7489.74 7492.32 7494.59 7496.57 7498.24 7499.62 7500.7 7501.47 7501.93 7502.09 7501.93 7501.47 7500.7 7499.62 7498.24 7496.57 7494.59 7492.32 7489.74 7486.85 
7481.73 7477.9 7473.64 7468.92 7463.71 7458.06 7452.06 7445.98 7440.34 7436.05 7434.34 7436.05 7440.34 7445.98 7452.06 7458.06 7463.71 7468.92 7473.64 7477.9 7481.73 7485.14 7488.17 7490.84 7493.17 7495.18 7496.86 7498.24 7499.31 7500.08 7500.53 7500.69 7500.53 7500.08 7499.31 7498.24 7496.86 7495.18 7493.17 7490.84 7488.17 7485.14 
7480.13 7476.04 7471.39 7466.13 7460.17 7453.46 7445.98 7437.88 7429.69 7422.72 7419.48 7422.72 7429.69 7437.88 7445.98 7453.46 7460.17 7466.13 7471.39 7476.04 7480.13 7483.73 7486.9 7489.66 7492.05 7494.08 7495.79 7497.17 7498.24 7499 7499.46 7499.61 7499.46 7499 7498.24 7497.17 7495.79 7494.08 7492.05 7489.66 7486.9 7483.73 
7478.92 7474.6 7469.63 7463.89 7457.23 7449.46 7440.34 7429.69 7417.63 7405.48 7397.96 7405.48 7417.63 7429.69 7440.34 7449.46 7457.23 7463.89 7469.63 7474.6 7478.92 7482.69 7485.96 7488.79 7491.23 7493.3 7495.02 7496.41 7497.48 7498.24 7498.7 7498.85 7498.7 7498.24 7497.48 7496.41 7495.02 7493.3 7491.23 7488.79 7485.96 7482.69 
7478.17 7473.69 7468.5 7462.43 7455.25 7446.63 7436.05 7422.72 7405.48 7383.4 7361.23 7383.4 7405.48 7422.72 7436.05 7446.63 7455.25 7462.43 7468.5 7473.69 7478.17 7482.04 7485.38 7488.26 7490.73 7492.82 7494.55 7495.95 7497.03 7497.79 7498.24 7498.39 7498.24 7497.79 7497.03 7495.95 7494.55 7492.82 7490.73 7488.26 7485.38 7482.04 
7477.91 7473.38 7468.11 7461.91 7454.54 7445.58 7434.34 7419.48 7397.96 7361.23 7280.08 7361.23 7397.96 7419.48 7434.34 7445.58 7454.54 7461.91 7468.11 7473.38 7477.91 7481.82 7485.19 7488.09 7490.57 7492.66 7494.4 7495.8 7496.87 7497.64 7498.09 7498.24 7498.09 7497.64 7496.87 7495.8 7494.4 7492.66 7490.57 7488.09 7485.19 7481.82 
7478.17 7473.69 7468.5 7462.43 7455.25 7446.63 7436.05 7422.72 7405.48 7383.4 7361.23 7383.4 7405.48 7422.72 7436.05 7446.63 7455.25 7462.43 7468.5 7473.69 7478.17 7482.04 7485.38 7488.26 7490.73 7492.82 7494.55 7495.95 7497.03 7497.79 7498.24 7498.39 7498.24 7497.79 7497.03 7495.95 7494.55 7492.82 7490.73 7488.26 7485.38 7482.04 
7478.92 7474.6 7469.63 7463.89 7457.23 7449.46 7440.34 7429.69 7417.63 7405.48 7397.96 7405.48 7417.63 7429.69 7440.34 7449.46 7457.23 7463.89 7469.63 7474.6 7478.92 7482.69 7485.96 7488.79 7491.23 7493.3 7495.02 7496.41 7497.48 7498.24 7498.7 7498.85 7498.7 7498.24 7497.48 7496.41 7495.02 7493.3 7491.23 7488.79 7485.96 7482.69 
7480.13 7476.04 7471.39 7466.13 7460.17 7453.46 7445.98 7437.88 7429.69 7422.72 7419.48 7422.72 7429.69 7437.88 7445.98 7453.46 7460.17 7466.13 7471.39 7476.04 7480.13 7483.73 7486.9 7489.66 7492.05 7494.08 7495.79 7497.17 7498.24 7499 7499.46 7499.61 7499.46 7499 7498.24 7497.17 7495.79 7494.08 7492.05 7489.66 7486.9 7483.73 
7481.73 7477.9 7473.64 7468.92 7463.71 7458.06 7452.06 7445.98 7440.34 7436.05 7434.34 7436.05 7440.34 7445.98 7452.06 7458.06 7463.71 7468.92 7473.64 7477.9 7481.73 7485.14 7488.17 7490.84 7493.17 7495.18 7496.86 7498.24 7499.31 7500.08 7500.53 7500.69 7500.53 7500.08 7499.31 7498.24 7496.86 7495.18 7493.17 7490.84 7488.17 7485.14 
7483.64 7480.11 7476.24 7472.04 7467.55 7462.84 7458.06 7453.46 7449.46 7446.63 7445.58 7446.63 7449.46 7453.46 7458.06 7462.84 7467.55 7472.04 7476.24 7480.11 7483.64 7486.85 7489.74 7492.32 7494.59 7496.57 7498.24 7499.62 7500.7 7501.47 7501.93 7502.09 7501.93 7501.47 7500.7 7499.62 7498.24 7496.57 7494.59 7492.32 7489.74 7486.85 
7485.8 7482.54 7479.04 7475.34 7471.48 7467.55 7463.71 7460.17 7457.23 7455.25 7454.54 7455.25 7457.23 7460.17 7463.71 7467.55 7471.48 7475.34 7479.04 7482.54 7485.8 7488.81 7491.57 7494.06 7496.29 7498.24 7499.92 7501.31 7502.4 7503.19 7503.67 7503.82 7503.67 7503.19 7502.4 7501.31 7499.92 7498.24 7496.29 7494.06 7491.57 7488.81 
7488.14 7485.12 7481.95 7478.67 7475.34 7472.04 7468.92 7466.13 7463.89 7462.43 7461.91 7462.43 7463.89 7466.13 7468.92 7472.04 7475.34 7478.67 7481.95 7485.12 7488.14 7490.98 7493.62 7496.04 7498.24 7500.2 7501.89 7503.31 7504.44 7505.26 7505.75 7505.92 7505.75 7505.26 7504.44 7503.31 7501.89 7500.2 7498.24 7496.04 7493.62 7490.98 
7490.6 7487.78 7484.89 7481.95 7479.04 7476.24 7473.64 7471.39 7469.63 7468.5 7468.11 7468.5 7469.63 7471.39 7473.64 7476.24 7479.04 7481.95 7484.89 7487.78 7490.6 7493.3 7495.85 7498.24 7500.44 7502.42 7504.16 7505.64 7506.83 7507.69 7508.22 7508.4 7508.22 7507.69 7506.83 7505.64 7504.16 7502.42 7500.44 7498.24 7495.85 7493.3 
7493.13 7490.47 7487.78 7485.12 7482.54 7480.11 7477.9 7476.04 7474.6 7473.69 7473.38 7473.69 7474.6 7476.04 7477.9 7480.11 7482.54 7485.12 7487.78 7490.47 7493.13 7495.73 7498.24 7500.63 7502.86 7504.91 7506.74 7508.31 7509.59 7510.53 7511.1 7511.3 7511.1 7510.53 7509.59 7508.31 7506.74 7504.91 7502.86 7500.63 7498.24 7495.73 
7495.69 7493.13 7490.6 7488.14 7485.8 7483.64 7481.73 7480.13 7478.92 7478.17 7477.91 7478.17 7478.92 7480.13 7481.73 7483.64 7485.8 7488.14 7490.6 7493.13 7495.69 7498.24 7500.75 7503.18 7505.5 7507.67 7509.63 7511.34 7512.75 7513.8 7514.45 7514.67 7514.45 7513.8 7512.75 7511.34 7509.63 7507.67 7505.5 7503.18 7500.75 7498.24 
7498.24 7495.73 7493.3 7490.98 7488.81 7486.85 7485.14 7483.73 7482.69 7482.04 7481.82 7482.04 7482.69 7483.73 7485.14 7486.85 7488.81 7490.98 7493.3 7495.73 7498.24 7500.79 7503.35 7505.88 7508.34 7510.68 7512.84 7514.76 7516.36 7517.56 7518.32 7518.58 7518.32 7517.56 7516.36 7514.76 7512.84 7510.68 7508.34 7505.88 7503.35 7500.79 
7500.75 7498.24 7495.85 7493.62 7491.57 7489.74 7488.17 7486.9 7485.96 7485.38 7485.19 7485.38 7485.96 7486.9 7488.17 7489.74 7491.57 7493.62 7495.85 7498.24 7500.75 7503.35 7506.01 7508.7 7511.36 7513.94 7516.38 7518.58 7520.45 7521.89 7522.8 7523.11 7522.8 7521.89 7520.45 7518.58 7516.38 7513.94 7511.36 7508.7 7506.01 7503.35 
7503.18 7500.63 7498.24 7496.04 7494.06 7492.32 7490.84 7489.66 7488.79 7488.26 7488.09 7488.26 7488.79 7489.66 7490.84 7492.32 7494.06 7496.04 7498.24 7500.63 7503.18 7505.88 7508.7 7511.59 7514.53 7517.44 7520.25 7522.85 7525.1 7526.87 7528 7528.39 7528 7526.87 7525.1 7522.85 7520.25 7517.44 7514.53 7511.59 7508.7 7505.88 
7505.5 7502.86 7500.44 7498.24 7496.29 7494.59 7493.17 7492.05 7491.23 7490.73 7490.57 7490.73 7491.23 7492.05 7493.17 7494.59 7496.29 7498.24 7500.44 7502.86 7505.5 7508.34 7511.36 7514.53 7517.82 7521.15 7524.45 7527.58 7530.37 7532.61 7534.08 7534.59 7534.08 7532.61 7530.37 7527.58 7524.45 7521.15 7517.82 7514.53 7511.36 7508.34 
7507.67 7504.91 7502.42 7500.2 7498.24 7496.57 7495.18 7494.08 7493.3 7492.82 7492.66 7492.82 7493.3 7494.08 7495.18 7496.57 7498.24 7500.2 7502.42 7504.91 7507.67 7510.68 7513.94 7517.44 7521.15 7525.02 7528.94 7532.79 7536.34 7539.28 7541.27 7541.98 7541.27 7539.28 7536.34 7532.79 7528.94 7525.02 7521.15 7517.44 7513.94 7510.68 
7509.63 7506.74 7504.16 7501.89 7499.92 7498.24 7496.86 7495.79 7495.02 7494.55 7494.4 7494.55 7495.02 7495.79 7496.86 7498.24 7499.92 7501.89 7504.16 7506.74 7509.63 7512.84 7516.38 7520.25 7524.45 7528.94 7533.66 7538.46 7543.07 7547.08 7549.91 7550.97 7549.91 7547.08 7543.07 7538.46 7533.66 7528.94 7524.45 7520.25 7516.38 7512.84 
7511.34 7508.31 7505.64 7503.31 7501.31 7499.62 7498.24 7497.17 7496.41 7495.95 7495.8 7495.95 7496.41 7497.17 7498.24 7499.62 7501.31 7503.31 7505.64 7508.31 7511.34 7514.76 7518.58 7522.85 7527.58 7532.79 7538.46 7544.47 7550.56 7556.22 7560.52 7562.24 7560.52 7556.22 7550.56 7544.47 7538.46 7532.79 7527.58 7522.85 7518.58 7514.76 
7512.75 7509.59 7506.83 7504.44 7502.4 7500.7 7499.31 7498.24 7497.48 7497.03 7496.87 7497.03 7497.48 7498.24 7499.31 7500.7 7502.4 7504.44 7506.83 7509.59 7512.75 7516.36 7520.45 7525.1 7530.37 7536.34 7543.07 7550.56 7558.69 7566.91 7573.9 7577.16 7573.9 7566.91 7558.69 7550.56 7543.07 7536.34 7530.37 7525.1 7520.45 7516.36 
7513.8 7510.53 7507.69 7505.26 7503.19 7501.47 7500.08 7499 7498.24 7497.79 7497.64 7497.79 7498.24 7499 7500.08 7501.47 7503.19 7505.26 7507.69 7510.53 7513.8 7517.56 7521.89 7526.87 7532.61 7539.28 7547.08 7556.22 7566.91 7579.02 7591.23 7598.79 7591.23 7579.02 7566.91 7556.22 7547.08 7539.28 7532.61 7526.87 7521.89 7517.56 
7514.45 7511.1 7508.22 7505.75 7503.67 7501.93 7500.53 7499.46 7498.7 7498.24 7498.09 7498.24 7498.7 7499.46 7500.53 7501.93 7503.67 7505.75 7508.22 7511.1 7514.45 7518.32 7522.8 7528 7534.08 7541.27 7549.91 7560.52 7573.9 7591.23 7613.44 7635.77 7613.44 7591.23 7573.9 7560.52 7549.91 7541.27 7534.08 7528 7522.8 7518.32 
7514.67 7511.3 7508.4 7505.92 7503.82 7502.09 7500.69 7499.61 7498.85 7498.39 7498.24 7498.39 7498.85 7499.61 7500.69 7502.09 7503.82 7505.92 7508.4 7511.3 7514.67 7518.58 7523.11 7528.39 7534.59 7541.98 7550.97 7562.24 7577.16 7598.79 7635.77 7717.76 7635.77 7598.79 7577.16 7562.24 7550.97 7541.98 7534.59 7528.39 7523.11 7518.58 
7514.45 7511.1 7508.22 7505.75 7503.67 7501.93 7500.53 7499.46 7498.7 7498.24 7498.09 7498.24 7498.7 7499.46 7500.53 7501.93 7503.67 7505.75 7508.22 7511.1 7514.45 7518.32 7522.8 7528 7534.08 7541.27 7549.91 7560.52 7573.9 7591.23 7613.44 7635.77 7613.44 7591.23 7573.9 7560.52 7549.91 7541.27 7534.08 7528 7522.8 7518.32 
7513.8 7510.53 7507.69 7505.26 7503.19 7501.47 7500.08 7499 7498.24 7497.79 7497.64 7497.79 7498.24 7499 7500.08 7501.47 7503.19 7505.26 7507.69 7510.53 7513.8 7517.56 7521.89 7526.87 7532.61 7539.28 7547.08 7556.22 7566.91 7579.02 7591.23 7598.79 7591.23 7579.02 7566.91 7556.22 7547.08 7539.28 7532.61 7526.87 7521.89 7517.56 
7512.75 7509.59 7506.83 7504.44 7502.4 7500.7 7499.31 7498.24 7497.48 7497.03 7496.87 7497.03 7497.48 7498.24 7499.31 7500.7 7502.4 7504.44 7506.83 7509.59 7512.75 7516.36 7520.45 7525.1 7530.37 7536.34 7543.07 7550.56 7558.69 7566.91 7573.9 7577.16 7573.9 7566.91 7558.69 7550.56 7543.07 7536.34 7530.37 7525.1 7520.45 7516.36 
7511.34 7508.31 7505.64 7503.31 7501.31 7499.62 7498.24 7497.17 7496.41 7495.95 7495.8 7495.95 7496.41 7497.17 7498.24 7499.62 7501.31 7503.31 7505.64 7508.31 7511.34 7514.76 7518.58 7522.85 7527.58 7532.79 7538.46 7544.47 7550.56 7556.22 7560.52 7562.24 7560.52 7556.22 7550.56 7544.47 7538.46 7532.79 7527.58 7522.85 7518.58 7514.76 
7509.63 7506.74 7504.16 7501.89 7499.92 7498.24 7496.86 7495.79 7495.02 7494.55 7494.4 7494.55 7495.02 7495.79 7496.86 7498.24 7499.92 7501.89 7504.16 7506.74 7509.63 7512.84 7516.38 7520.25 7524.45 7528.94 7533.66 7538.46 7543.07 7547.08 7549.91 7550.97 7549.91 7547.08 7543.07 7538.46 7533.66 7528.94 7524.45 7520.25 7516.38 7512.84 
7507.67 7504.91 7502.42 7500.2 7498.24 7496.57 7495.18 7494.08 7493.3 7492.82 7492.66 7492.82 7493.3 7494.08 7495.18 7496.57 7498.24 7500.2 7502.42 7504.91 7507.67 7510.68 7513.94 7517.44 7521.15 7525.02 7528.94 7532.79 7536.34 7539.28 7541.27 7541.98 7541.27 7539.28 7536.34 7532.79 7528.94 7525.02 7521.15 7517.44 7513.94 7510.68 
7505.5 7502.86 7500.44 7498.24 7496.29 7494.59 7493.17 7492.05 7491.23 7490.73 7490.57 7490.73 7491.23 7492.05 7493.17 7494.59 7496.29 7498.24 7500.44 7502.86 7505.5 7508.34 7511.36 7514.53 7517.82 7521.15 7524.45 7527.58 7530.37 7532.61 7534.08 7534.59 7534.08 7532.61 7530.37 7527.58 7524.45 7521.15 7517.82 7514.53 7511.36 7508.34 
7503.18 7500.63 7498.24 7496.04 7494.06 7492.32 7490.84 7489.66 7488.79 7488.26 7488.09 7488.26 7488.79 7489.66 7490.84 7492.32 7494.06 7496.04 7498.24 7500.63 7503.18 7505.88 7508.7 7511.59 7514.53 7517.44 7520.25 7522.85 7525.1 7526.87 7528 7528.39 7528 7526.87 7525.1 7522.85 7520.25 7517.44 7514.53 7511.59 7508.7 7505.88 
7500.75 7498.24 7495.85 7493.62 7491.57 7489.74 7488.17 7486.9 7485.96 7485.38 7485.19 7485.38 7485.96 7486.9 7488.17 7489.74 7491.57 7493.62 7495.85 7498.24 7500.75 7503.35 7506.01 7508.7 7511.36 7513.94 7516.38 7518.58 7520.45 7521.89 7522.8 7523.11 7522.8 7521.89 7520.45 7518.58 7516.38 7513.94 7511.36 7508.7 7506.01 7503.35 
7498.24 7495.73 7493.3 7490.98 7488.81 7486.85 7485.14 7483.73 7482.69 7482.04 7481.82 7482.04 7482.69 7483.73 7485.14 7486.85 7488.81 7490.98 7493.3 7495.73 7498.24 7500.79 7503.35 7505.88 7508.34 7510.68 7512.84 7514.76 7516.36 7517.56 7518.32 7518.58 7518.32 7517.56 7516.36 7514.76 7512.84 7510.68 7508.34 7505.88 7503.35 7500.79 
