7497.92 7497.57 7497.2 7496.8 7496.38 7495.96 7495.54 7495.16 7494.85 7494.65 7494.58 7494.65 7494.85 7495.16 7495.54 7495.96 7496.38 7496.8 7497.2 7497.57 7497.92 7498.25 7498.57 7498.89 7499.22 7499.54 7499.85 7500.15 7500.41 7500.62 7500.76 7500.8 7500.76 7500.62 7500.41 7500.15 7499.85 7499.54 7499.22 7498.89 7498.57 7498.25 
7497.57 7497.17 7496.71 7496.2 7495.64 7495.04 7494.44 7493.88 7493.42 7493.12 7493.01 7493.12 7493.42 7493.88 7494.44 7495.04 7495.64 7496.2 7496.71 7497.17 7497.57 7497.93 7498.25 7498.55 7498.83 7499.09 7499.33 7499.55 7499.74 7499.88 7499.98 7500.01 7499.98 7499.88 7499.74 7499.55 7499.33 7499.09 7498.83 7498.55 7498.25 7497.93 
7497.2 7496.71 7496.14 7495.46 7494.69 7493.85 7492.98 7492.15 7491.45 7490.98 7490.81 7490.98 7491.45 7492.15 7492.98 7493.85 7494.69 7495.46 7496.14 7496.71 7497.2 7497.61 7497.95 7498.25 7498.51 7498.74 7498.94 7499.11 7499.25 7499.36 7499.42 7499.45 7499.42 7499.36 7499.25 7499.11 7498.94 7498.74 7498.51 7498.25 7497.95 7497.61 
7496.8 7496.2 7495.46 7494.57 7493.52 7492.34 7491.08 7489.83 7488.76 7488.01 7487.74 7488.01 7488.76 7489.83 7491.08 7492.34 7493.52 7494.57 7495.46 7496.2 7496.8 7497.29 7497.68 7497.99 7498.25 7498.46 7498.64 7498.79 7498.9 7498.98 7499.03 7499.05 7499.03 7498.98 7498.9 7498.79 7498.64 7498.46 7498.25 7497.99 7497.68 7497.29 
7496.38 7495.64 7494.69 7493.52 7492.1 7490.45 7488.62 7486.76 7485.09 7483.9 7483.45 7483.9 7485.09 7486.76 7488.62 7490.45 7492.1 7493.52 7494.69 7495.64 7496.38 7496.97 7497.42 7497.77 7498.04 7498.25 7498.42 7498.55 7498.65 7498.72 7498.76 7498.77 7498.76 7498.72 7498.65 7498.55 7498.42 7498.25 7498.04 7497.77 7497.42 7496.97 
7495.96 7495.04 7493.85 7492.34 7490.45 7488.17 7485.56 7482.78 7480.16 7478.19 7477.43 7478.19 7480.16 7482.78 7485.56 7488.17 7490.45 7492.34 7493.85 7495.04 7495.96 7496.65 7497.17 7497.57 7497.86 7498.08 7498.25 7498.38 7498.47 7498.53 7498.57 7498.58 7498.57 7498.53 7498.47 7498.38 7498.25 7498.08 7497.86 7497.57 7497.17 7496.65 
7495.54 7494.44 7492.98 7491.08 7488.62 7485.56 7481.89 7477.77 7473.62 7470.26 7468.86 7470.26 7473.62 7477.77 7481.89 7485.56 7488.62 7491.08 7492.98 7494.44 7495.54 7496.35 7496.95 7497.39 7497.72 7497.95 7498.13 7498.25 7498.34 7498.4 7498.43 7498.44 7498.43 7498.4 7498.34 7498.25 7498.13 7497.95 7497.72 7497.39 7496.95 7496.35 
7495.16 7493.88 7492.15 7489.83 7486.76 7482.78 7477.77 7471.75 7465.15 7459.18 7456.27 7459.18 7465.15 7471.75 7477.77 7482.78 7486.76 7489.83 7492.15 7493.88 7495.16 7496.09 7496.76 7497.25 7497.6 7497.86 7498.04 7498.16 7498.25 7498.31 7498.34 7498.35 7498.34 7498.31 7498.25 7498.16 7498.04 7497.86 7497.6 7497.25 7496.76 7496.09 
7494.85 7493.42 7491.45 7488.76 7485.09 7480.16 7473.62 7465.15 7454.75 7443.64 7436.48 7443.64 7454.75 7465.15 7473.62 7480.16 7485.09 7488.76 7491.45 7493.42 7494.85 7495.88 7496.62 7497.15 7497.52 7497.79 7497.97 7498.11 7498.19 7498.25 7498.28 7498.29 7498.28 7498.25 7498.19 7498.11 7497.97 7497.79 7497.52 7497.15 7496.62 7495.88 
7494.65 7493.12 7490.98 7488.01 7483.9 7478.19 7470.26 7459.18 7443.64 7422.63 7400.81 7422.63 7443.64 7459.18 7470.26 7478.19 7483.9 7488.01 7490.98 7493.12 7494.65 7495.75 7496.53 7497.08 7497.47 7497.75 7497.94 7498.07 7498.16 7498.22 7498.25 7498.26 7498.25 7498.22 7498.16 7498.07 7497.94 7497.75 7497.47 7497.08 7496.53 7495.75 
7494.58 7493.01 7490.81 7487.74 7483.45 7477.43 7468.86 7456.27 7436.48 7400.81 7319.95 7400.81 7436.48 7456.27 7468.86 7477.43 7483.45 7487.74 7490.81 7493.01 7494.58 7495.7 7496.49 7497.06 7497.45 7497.73 7497.93 7498.06 7498.15 7498.21 7498.24 7498.25 7498.24 7498.21 7498.15 7498.06 7497.93 7497.73 7497.45 7497.06 7496.49 7495.7 
7494.65 7493.12 7490.98 7488.01 7483.9 7478.19 7470.26 7459.18 7443.64 7422.63 7400.81 7422.63 7443.64 7459.18 7470.26 7478.19 7483.9 7488.01 7490.98 7493.12 7494.65 7495.75 7496.53 7497.08 7497.47 7497.75 7497.94 7498.07 7498.16 7498.22 7498.25 7498.26 7498.25 7498.22 7498.16 7498.07 7497.94 7497.75 7497.47 7497.08 7496.53 7495.75 
7494.85 7493.42 7491.45 7488.76 7485.09 7480.16 7473.62 7465.15 7454.75 7443.64 7436.48 7443.64 7454.75 7465.15 7473.62 7480.16 7485.09 7488.76 7491.45 7493.42 7494.85 7495.88 7496.62 7497.15 7497.52 7497.79 7497.97 7498.11 7498.19 7498.25 7498.28 7498.29 7498.28 7498.25 7498.19 7498.11 7497.97 7497.79 7497.52 7497.15 7496.62 7495.88 
7495.16 7493.88 7492.15 7489.83 7486.76 7482.78 7477.77 7471.75 7465.15 7459.18 7456.27 7459.18 7465.15 7471.75 7477.77 7482.78 7486.76 7489.83 7492.15 7493.88 7495.16 7496.09 7496.76 7497.25 7497.6 7497.86 7498.04 7498.16 7498.25 7498.31 7498.34 7498.35 7498.34 7498.31 7498.25 7498.16 7498.04 7497.86 7497.6 7497.25 7496.76 7496.09 
7495.54 7494.44 7492.98 7491.08 7488.62 7485.56 7481.89 7477.77 7473.62 7470.26 7468.86 7470.26 7473.62 7477.77 7481.89 7485.56 7488.62 7491.08 7492.98 7494.44 7495.54 7496.35 7496.95 7497.39 7497.72 7497.95 7498.13 7498.25 7498.34 7498.4 7498.43 7498.44 7498.43 7498.4 7498.34 7498.25 7498.13 7497.95 7497.72 7497.39 7496.95 7496.35 
7495.96 7495.04 7493.85 7492.34 7490.45 7488.17 7485.56 7482.78 7480.16 7478.19 7477.43 7478.19 7480.16 7482.78 7485.56 7488.17 7490.45 7492.34 7493.85 7495.04 7495.96 7496.65 7497.17 7497.57 7497.86 7498.08 7498.25 7498.38 7498.47 7498.53 7498.57 7498.58 7498.57 7498.53 7498.47 7498.38 7498.25 7498.08 7497.86 7497.57 7497.17 7496.65 
7496.38 7495.64 7494.69 7493.52 7492.1 7490.45 7488.62 7486.76 7485.09 7483.9 7483.45 7483.9 7485.09 7486.76 7488.62 7490.45 7492.1 7493.52 7494.69 7495.64 7496.38 7496.97 7497.42 7497.77 7498.04 7498.25 7498.42 7498.55 7498.65 7498.72 7498.76 7498.77 7498.76 7498.72 7498.65 7498.55 7498.42 7498.25 7498.04 7497.77 7497.42 7496.97 
7496.8 7496.2 7495.46 7494.57 7493.52 7492.34 7491.08 7489.83 7488.76 7488.01 7487.74 7488.01 7488.76 7489.83 7491.08 7492.34 7493.52 7494.57 7495.46 7496.2 7496.8 7497.29 7497.68 7497.99 7498.25 7498.46 7498.64 7498.79 7498.9 7498.98 7499.03 7499.05 7499.03 7498.98 7498.9 7498.79 7498.64 7498.46 7498.25 7497.99 7497.68 7497.29 
7497.2 7496.71 7496.14 7495.46 7494.69 7493.85 7492.98 7492.15 7491.45 7490.98 7490.81 7490.98 7491.45 7492.15 7492.98 7493.85 7494.69 7495.46 7496.14 7496.71 7497.2 7497.61 7497.95 7498.25 7498.51 7498.74 7498.94 7499.11 7499.25 7499.36 7499.42 7499.45 7499.42 7499.36 7499.25 7499.11 7498.94 7498.74 7498.51 7498.25 7497.95 7497.61 
7497.57 7497.17 7496.71 7496.2 7495.64 7495.04 7494.44 7493.88 7493.42 7493.12 7493.01 7493.12 7493.42 7493.88 7494.44 7495.04 7495.64 7496.2 7496.71 7497.17 7497.57 7497.93 7498.25 7498.55 7498.83 7499.09 7499.33 7499.55 7499.74 7499.88 7499.98 7500.01 7499.98 7499.88 7499.74 7499.55 7499.33 7499.09 7498.83 7498.55 7498.25 7497.93 
7497.92 7497.57 7497.2 7496.8 7496.38 7495.96 7495.54 7495.16 7494.85 7494.65 7494.58 7494.65 7494.85 7495.16 7495.54 7495.96 7496.38 7496.8 7497.2 7497.57 7497.92 7498.25 7498.57 7498.89 7499.22 7499.54 7499.85 7500.15 7500.41 7500.62 7500.76 7500.8 7500.76 7500.62 7500.41 7500.15 7499.85 7499.54 7499.22 7498.89 7498.57 7498.25 
7498.25 7497.93 7497.61 7497.29 7496.97 7496.65 7496.35 7496.09 7495.88 7495.75 7495.7 7495.75 7495.88 7496.09 7496.35 7496.65 7496.97 7497.29 7497.61 7497.93 7498.25 7498.58 7498.93 7499.3 7499.7 7500.12 7500.55 7500.96 7501.34 7501.65 7501.85 7501.92 7501.85 7501.65 7501.34 7500.96 7500.55 7500.12 7499.7 7499.3 7498.93 7498.58 
7498.57 7498.25 7497.95 7497.68 7497.42 7497.17 7496.95 7496.76 7496.62 7496.53 7496.49 7496.53 7496.62 7496.76 7496.95 7497.17 7497.42 7497.68 7497.95 7498.25 7498.57 7498.93 7499.33 7499.79 7500.3 7500.86 7501.46 7502.06 7502.62 7503.08 7503.38 7503.49 7503.38 7503.08 7502.62 7502.06 7501.46 7500.86 7500.3 7499.79 7499.33 7498.93 
7498.89 7498.55 7498.25 7497.99 7497.77 7497.57 7497.39 7497.25 7497.15 7497.08 7497.06 7497.08 7497.15 7497.25 7497.39 7497.57 7497.77 7497.99 7498.25 7498.55 7498.89 7499.3 7499.79 7500.37 7501.04 7501.81 7502.65 7503.51 7504.34 7505.04 7505.52 7505.69 7505.52 7505.04 7504.34 7503.51 7502.65 7501.81 7501.04 7500.37 7499.79 7499.3 
7499.22 7498.83 7498.51 7498.25 7498.04 7497.86 7497.72 7497.6 7497.52 7497.47 7497.45 7497.47 7497.52 7497.6 7497.72 7497.86 7498.04 7498.25 7498.51 7498.83 7499.22 7499.7 7500.3 7501.04 7501.93 7502.98 7504.16 7505.42 7506.66 7507.74 7508.48 7508.75 7508.48 7507.74 7506.66 7505.42 7504.16 7502.98 7501.93 7501.04 7500.3 7499.7 
7499.54 7499.09 7498.74 7498.46 7498.25 7498.08 7497.95 7497.86 7497.79 7497.75 7497.73 7497.75 7497.79 7497.86 7497.95 7498.08 7498.25 7498.46 7498.74 7499.09 7499.54 7500.12 7500.86 7501.81 7502.98 7504.4 7506.05 7507.87 7509.73 7511.4 7512.6 7513.04 7512.6 7511.4 7509.73 7507.87 7506.05 7504.4 7502.98 7501.81 7500.86 7500.12 
7499.85 7499.33 7498.94 7498.64 7498.42 7498.25 7498.13 7498.04 7497.97 7497.94 7497.93 7497.94 7497.97 7498.04 7498.13 7498.25 7498.42 7498.64 7498.94 7499.33 7499.85 7500.55 7501.46 7502.65 7504.16 7506.05 7508.32 7510.93 7513.71 7516.33 7518.3 7519.06 7518.3 7516.33 7513.71 7510.93 7508.32 7506.05 7504.16 7502.65 7501.46 7500.55 
7500.15 7499.55 7499.11 7498.79 7498.55 7498.38 7498.25 7498.16 7498.11 7498.07 7498.06 7498.07 7498.11 7498.16 7498.25 7498.38 7498.55 7498.79 7499.11 7499.55 7500.15 7500.96 7502.06 7503.51 7505.42 7507.87 7510.93 7514.6 7518.72 7522.88 7526.24 7527.64 7526.24 7522.88 7518.72 7514.6 7510.93 7507.87 7505.42 7503.51 7502.06 7500.96 
7500.41 7499.74 7499.25 7498.9 7498.65 7498.47 7498.34 7498.25 7498.19 7498.16 7498.15 7498.16 7498.19 7498.25 7498.34 7498.47 7498.65 7498.9 7499.25 7499.74 7500.41 7501.34 7502.62 7504.34 7506.66 7509.73 7513.71 7518.72 7524.74 7531.35 7537.34 7540.24 7537.34 7531.35 7524.74 7518.72 7513.71 7509.73 7506.66 7504.34 7502.62 7501.34 
7500.62 7499.88 7499.36 7498.98 7498.72 7498.53 7498.4 7498.31 7498.25 7498.22 7498.21 7498.22 7498.25 7498.31 7498.4 7498.53 7498.72 7498.98 7499.36 7499.88 7500.62 7501.65 7503.08 7505.04 7507.74 7511.4 7516.33 7522.88 7531.35 7541.77 7552.91 7560.09 7552.91 7541.77 7531.35 7522.88 7516.33 7511.4 7507.74 7505.04 7503.08 7501.65 
7500.76 7499.98 7499.42 7499.03 7498.76 7498.57 7498.43 7498.34 7498.28 7498.25 7498.24 7498.25 7498.28 7498.34 7498.43 7498.57 7498.76 7499.03 7499.42 7499.98 7500.76 7501.85 7503.38 7505.52 7508.48 7512.6 7518.3 7526.24 7537.34 7552.91 7573.99 7595.92 7573.99 7552.91 7537.34 7526.24 7518.3 7512.6 7508.48 7505.52 7503.38 7501.85 
7500.8 7500.01 7499.45 7499.05 7498.77 7498.58 7498.44 7498.35 7498.29 7498.26 7498.25 7498.26 7498.29 7498.35 7498.44 7498.58 7498.77 7499.05 7499.45 7500.01 7500.8 7501.92 7503.49 7505.69 7508.75 7513.04 7519.06 7527.64 7540.24 7560.09 7595.92 7677.42 7595.92 7560.09 7540.24 7527.64 7519.06 7513.04 7508.75 7505.69 7503.49 7501.92 
7500.76 7499.98 7499.42 7499.03 7498.76 7498.57 7498.43 7498.34 7498.28 7498.25 7498.24 7498.25 7498.28 7498.34 7498.43 7498.57 7498.76 7499.03 7499.42 7499.98 7500.76 7501.85 7503.38 7505.52 7508.48 7512.6 7518.3 7526.24 7537.34 7552.91 7573.99 7595.92 7573.99 7552.91 7537.34 7526.24 7518.3 7512.6 7508.48 7505.52 7503.38 7501.85 
7500.62 7499.88 7499.36 7498.98 7498.72 7498.53 7498.4 7498.31 7498.25 7498.22 7498.21 7498.22 7498.25 7498.31 7498.4 7498.53 7498.72 7498.98 7499.36 7499.88 7500.62 7501.65 7503.08 7505.04 7507.74 7511.4 7516.33 7522.88 7531.35 7541.77 7552.91 7560.09 7552.91 7541.77 7531.35 7522.88 7516.33 7511.4 7507.74 7505.04 7503.08 7501.65 
7500.41 7499.74 7499.25 7498.9 7498.65 7498.47 7498.34 7498.25 7498.19 7498.16 7498.15 7498.16 7498.19 7498.25 7498.34 7498.47 7498.65 7498.9 7499.25 7499.74 7500.41 7501.34 7502.62 7504.34 7506.66 7509.73 7513.71 7518.72 7524.74 7531.35 7537.34 7540.24 7537.34 7531.35 7524.74 7518.72 7513.71 7509.73 7506.66 7504.34 7502.62 7501.34 
7500.15 7499.55 7499.11 7498.79 7498.55 7498.38 7498.25 7498.16 7498.11 7498.07 7498.06 7498.07 7498.11 7498.16 7498.25 7498.38 7498.55 7498.79 7499.11 7499.55 7500.15 7500.96 7502.06 7503.51 7505.42 7507.87 7510.93 7514.6 7518.72 7522.88 7526.24 7527.64 7526.24 7522.88 7518.72 7514.6 7510.93 7507.87 7505.42 7503.51 7502.06 7500.96 
7499.85 7499.33 7498.94 7498.64 7498.42 7498.25 7498.13 7498.04 7497.97 7497.94 7497.93 7497.94 7497.97 7498.04 7498.13 7498.25 7498.42 7498.64 7498.94 7499.33 7499.85 7500.55 7501.46 7502.65 7504.16 7506.05 7508.32 7510.93 7513.71 7516.33 7518.3 7519.06 7518.3 7516.33 7513.71 7510.93 7508.32 7506.05 7504.16 7502.65 7501.46 7500.55 
7499.54 7499.09 7498.74 7498.46 7498.25 7498.08 7497.95 7497.86 7497.79 7497.75 7497.73 7497.75 7497.79 7497.86 7497.95 7498.08 7498.25 7498.46 7498.74 7499.09 7499.54 7500.12 7500.86 7501.81 7502.98 7504.4 7506.05 7507.87 7509.73 7511.4 7512.6 7513.04 7512.6 7511.4 7509.73 7507.87 7506.05 7504.4 7502.98 7501.81 7500.86 7500.12 
7499.22 7498.83 7498.51 7498.25 7498.04 7497.86 7497.72 7497.6 7497.52 7497.47 7497.45 7497.47 7497.52 7497.6 7497.72 7497.86 7498.04 7498.25 7498.51 7498.83 7499.22 7499.7 7500.3 7501.04 7501.93 7502.98 7504.16 7505.42 7506.66 7507.74 7508.48 7508.75 7508.48 7507.74 7506.66 7505.42 7504.16 7502.98 7501.93 7501.04 7500.3 7499.7 
7498.89 7498.55 7498.25 7497.99 7497.77 7497.57 7497.39 7497.25 7497.15 7497.08 7497.06 7497.08 7497.15 7497.25 7497.39 7497.57 7497.77 7497.99 7498.25 7498.55 7498.89 7499.3 7499.79 7500.37 7501.04 7501.81 7502.65 7503.51 7504.34 7505.04 7505.52 7505.69 7505.52 7505.04 7504.34 7503.51 7502.65 7501.81 7501.04 7500.37 7499.79 7499.3 
7498.57 7498.25 7497.95 7497.68 7497.42 7497.17 7496.95 7496.76 7496.62 7496.53 7496.49 7496.53 7496.62 7496.76 7496.95 7497.17 7497.42 7497.68 7497.95 7498.25 7498.57 7498.93 7499.33 7499.79 7500.3 7500.86 7501.46 7502.06 7502.62 7503.08 7503.38 7503.49 7503.38 7503.08 7502.62 7502.06 7501.46 7500.86 7500.3 7499.79 7499.33 7498.93 
7498.25 7497.93 7497.61 7497.29 7496.97 7496.65 7496.35 7496.09 7495.88 7495.75 7495.7 7495.75 7495.88 7496.09 7496.35 7496.65 7496.97 7497.29 7497.61 7497.93 7498.25 7498.58 7498.93 7499.3 7499.7 7500.12 7500.55 7500.96 7501.34 7501.65 7501.85 7501.92 7501.85 7501.65 7501.34 7500.96 7500.55 7500.12 7499.7 7499.3 7498.93 7498.58 
