7496.44 7494.62 7492.8 7491.01 7489.29 7487.68 7486.23 7485.01 7484.08 7483.49 7483.29 7483.49 7484.08 7485.01 7486.23 7487.68 7489.29 7491.01 7492.8 7494.62 7496.44 7498.24 7500.02 7501.74 7503.39 7504.94 7506.35 7507.6 7508.64 7509.41 7509.9 7510.06 7509.9 7509.41 7508.64 7507.6 7506.35 7504.94 7503.39 7501.74 7500.02 7498.24 
7494.62 7492.7 7490.73 7488.74 7486.78 7484.9 7483.16 7481.67 7480.51 7479.77 7479.52 7479.77 7480.51 7481.67 7483.16 7484.9 7486.78 7488.74 7490.73 7492.7 7494.62 7496.47 7498.25 7499.92 7501.49 7502.92 7504.21 7505.32 7506.22 7506.89 7507.3 7507.44 7507.3 7506.89 7506.22 7505.32 7504.21 7502.92 7501.49 7499.92 7498.25 7496.47 
7492.8 7490.73 7488.55 7486.29 7484.01 7481.75 7479.63 7477.76 7476.28 7475.32 7474.98 7475.32 7476.28 7477.76 7479.63 7481.75 7484.01 7486.29 7488.55 7490.73 7492.8 7494.75 7496.57 7498.25 7499.77 7501.14 7502.35 7503.36 7504.18 7504.78 7505.14 7505.26 7505.14 7504.78 7504.18 7503.36 7502.35 7501.14 7499.77 7498.25 7496.57 7494.75 
7491.01 7488.74 7486.29 7483.69 7480.99 7478.25 7475.6 7473.2 7471.24 7469.95 7469.49 7469.95 7471.24 7473.2 7475.6 7478.25 7480.99 7483.69 7486.29 7488.74 7491.01 7493.1 7495 7496.72 7498.25 7499.59 7500.74 7501.7 7502.46 7503.01 7503.35 7503.46 7503.35 7503.01 7502.46 7501.7 7500.74 7499.59 7498.25 7496.72 7495 7493.1 
7489.29 7486.78 7484.01 7480.99 7477.76 7474.4 7471.04 7467.88 7465.23 7463.41 7462.76 7463.41 7465.23 7467.88 7471.04 7474.4 7477.76 7480.99 7484.01 7486.78 7489.29 7491.55 7493.57 7495.35 7496.9 7498.25 7499.38 7500.31 7501.04 7501.56 7501.87 7501.98 7501.87 7501.56 7501.04 7500.31 7499.38 7498.25 7496.9 7495.35 7493.57 7491.55 
7487.68 7484.9 7481.75 7478.25 7474.4 7470.26 7465.95 7461.74 7458.03 7455.37 7454.38 7455.37 7458.03 7461.74 7465.95 7470.26 7474.4 7478.25 7481.75 7484.9 7487.68 7490.14 7492.28 7494.15 7495.75 7497.11 7498.25 7499.17 7499.88 7500.38 7500.68 7500.78 7500.68 7500.38 7499.88 7499.17 7498.25 7497.11 7495.75 7494.15 7492.28 7490.14 
7486.23 7483.16 7479.63 7475.6 7471.04 7465.95 7460.44 7454.75 7449.4 7445.29 7443.63 7445.29 7449.4 7454.75 7460.44 7465.95 7471.04 7475.6 7479.63 7483.16 7486.23 7488.89 7491.17 7493.13 7494.79 7496.18 7497.33 7498.25 7498.95 7499.45 7499.74 7499.84 7499.74 7499.45 7498.95 7498.25 7497.33 7496.18 7494.79 7493.13 7491.17 7488.89 
7485.01 7481.67 7477.76 7473.2 7467.88 7461.74 7454.75 7447.05 7439.14 7432.35 7429.17 7432.35 7439.14 7447.05 7454.75 7461.74 7467.88 7473.2 7477.76 7481.67 7485.01 7487.85 7490.27 7492.31 7494.03 7495.46 7496.62 7497.54 7498.25 7498.74 7499.04 7499.13 7499.04 7498.74 7498.25 7497.54 7496.62 7495.46 7494.03 7492.31 7490.27 7487.85 
7484.08 7480.51 7476.28 7471.24 7465.23 7458.03 7449.4 7439.14 7427.37 7415.39 7407.93 7415.39 7427.37 7439.14 7449.4 7458.03 7465.23 7471.24 7476.28 7480.51 7484.08 7487.08 7489.6 7491.72 7493.48 7494.93 7496.11 7497.05 7497.75 7498.25 7498.54 7498.64 7498.54 7498.25 7497.75 7497.05 7496.11 7494.93 7493.48 7491.72 7489.6 7487.08 
7483.49 7479.77 7475.32 7469.95 7463.41 7455.37 7445.29 7432.35 7415.39 7393.48 7371.37 7393.48 7415.39 7432.35 7445.29 7455.37 7463.41 7469.95 7475.32 7479.77 7483.49 7486.59 7489.19 7491.35 7493.15 7494.62 7495.81 7496.75 7497.46 7497.96 7498.25 7498.35 7498.25 7497.96 7497.46 7496.75 7495.81 7494.62 7493.15 7491.35 7489.19 7486.59 
7483.29 7479.52 7474.98 7469.49 7462.76 7454.38 7443.63 7429.17 7407.93 7371.37 7290.26 7371.37 7407.93 7429.17 7443.63 7454.38 7462.76 7469.49 7474.98 7479.52 7483.29 7486.43 7489.05 7491.23 7493.04 7494.52 7495.71 7496.65 7497.36 7497.86 7498.15 7498.25 7498.15 7497.86 7497.36 7496.65 7495.71 7494.52 7493.04 7491.23 7489.05 7486.43 
7483.49 7479.77 7475.32 7469.95 7463.41 7455.37 7445.29 7432.35 7415.39 7393.48 7371.37 7393.48 7415.39 7432.35 7445.29 7455.37 7463.41 7469.95 7475.32 7479.77 7483.49 7486.59 7489.19 7491.35 7493.15 7494.62 7495.81 7496.75 7497.46 7497.96 7498.25 7498.35 7498.25 7497.96 7497.46 7496.75 7495.81 7494.62 7493.15 7491.35 7489.19 7486.59 
7484.08 7480.51 7476.28 7471.24 7465.23 7458.03 7449.4 7439.14 7427.37 7415.39 7407.93 7415.39 7427.37 7439.14 7449.4 7458.03 7465.23 7471.24 7476.28 7480.51 7484.08 7487.08 7489.6 7491.72 7493.48 7494.93 7496.11 7497.05 7497.75 7498.25 7498.54 7498.64 7498.54 7498.25 7497.75 7497.05 7496.11 7494.93 7493.48 7491.72 7489.6 7487.08 
7485.01 7481.67 7477.76 7473.2 7467.88 7461.74 7454.75 7447.05 7439.14 7432.35 7429.17 7432.35 7439.14 7447.05 7454.75 7461.74 7467.88 7473.2 7477.76 7481.67 7485.01 7487.85 7490.27 7492.31 7494.03 7495.46 7496.62 7497.54 7498.25 7498.74 7499.04 7499.13 7499.04 7498.74 7498.25 7497.54 7496.62 7495.46 7494.03 7492.31 7490.27 7487.85 
7486.23 7483.16 7479.63 7475.6 7471.04 7465.95 7460.44 7454.75 7449.4 7445.29 7443.63 7445.29 7449.4 7454.75 7460.44 7465.95 7471.04 7475.6 7479.63 7483.16 7486.23 7488.89 7491.17 7493.13 7494.79 7496.18 7497.33 7498.25 7498.95 7499.45 7499.74 7499.84 7499.74 7499.45 7498.95 7498.25 7497.33 7496.18 7494.79 7493.13 7491.17 7488.89 
7487.68 7484.9 7481.75 7478.25 7474.4 7470.26 7465.95 7461.74 7458.03 7455.37 7454.38 7455.37 7458.03 7461.74 7465.95 7470.26 7474.4 7478.25 7481.75 7484.9 7487.68 7490.14 7492.28 7494.15 7495.75 7497.11 7498.25 7499.17 7499.88 7500.38 7500.68 7500.78 7500.68 7500.38 7499.88 7499.17 7498.25 7497.11 7495.75 7494.15 7492.28 7490.14 
7489.29 7486.78 7484.01 7480.99 7477.76 7474.4 7471.04 7467.88 7465.23 7463.41 7462.76 7463.41 7465.23 7467.88 7471.04 7474.4 7477.76 7480.99 7484.01 7486.78 7489.29 7491.55 7493.57 7495.35 7496.9 7498.25 7499.38 7500.31 7501.04 7501.56 7501.87 7501.98 7501.87 7501.56 7501.04 7500.31 7499.38 7498.25 7496.9 7495.35 7493.57 7491.55 
7491.01 7488.74 7486.29 7483.69 7480.99 7478.25 7475.6 7473.2 7471.24 7469.95 7469.49 7469.95 7471.24 7473.2 7475.6 7478.25 7480.99 7483.69 7486.29 7488.74 7491.01 7493.1 7495 7496.72 7498.25 7499.59 7500.74 7501.7 7502.46 7503.01 7503.35 7503.46 7503.35 7503.01 7502.46 7501.7 7500.74 7499.59 7498.25 7496.72 7495 7493.1 
7492.8 7490.73 7488.55 7486.29 7484.01 7481.75 7479.63 7477.76 7476.28 7475.32 7474.98 7475.32 7476.28 7477.76 7479.63 7481.75 7484.01 7486.29 7488.55 7490.73 7492.8 7494.75 7496.57 7498.25 7499.77 7501.14 7502.35 7503.36 7504.18 7504.78 7505.14 7505.26 7505.14 7504.78 7504.18 7503.36 7502.35 7501.14 7499.77 7498.25 7496.57 7494.75 
7494.62 7492.7 7490.73 7488.74 7486.78 7484.9 7483.16 7481.67 7480.51 7479.77 7479.52 7479.77 7480.51 7481.67 7483.16 7484.9 7486.78 7488.74 7490.73 7492.7 7494.62 7496.47 7498.25 7499.92 7501.49 7502.92 7504.21 7505.32 7506.22 7506.89 7507.3 7507.44 7507.3 7506.89 7506.22 7505.32 7504.21 7502.92 7501.49 7499.92 7498.25 7496.47 
7496.44 7494.62 7492.8 7491.01 7489.29 7487.68 7486.23 7485.01 7484.08 7483.49 7483.29 7483.49 7484.08 7485.01 7486.23 7487.68 7489.29 7491.01 7492.8 7494.62 7496.44 7498.24 7500.02 7501.74 7503.39 7504.94 7506.35 7507.6 7508.64 7509.41 7509.9 7510.06 7509.9 7509.41 7508.64 7507.6 7506.35 7504.94 7503.39 7501.74 7500.02 7498.24 
7498.24 7496.47 7494.75 7493.1 7491.55 7490.14 7488.89 7487.85 7487.08 7486.59 7486.43 7486.59 7487.08 7487.85 7488.89 7490.14 7491.55 7493.1 7494.75 7496.47 7498.24 7500.05 7501.87 7503.69 7505.47 7507.2 7508.81 7510.26 7511.48 7512.41 7513 7513.2 7513 7512.41 7511.48 7510.26 7508.81 7507.2 7505.47 7503.69 7501.87 7500.05 
7500.02 7498.25 7496.57 7495 7493.57 7492.28 7491.17 7490.27 7489.6 7489.19 7489.05 7489.19 7489.6 7490.27 7491.17 7492.28 7493.57 7495 7496.57 7498.25 7500.02 7501.87 7503.79 7505.76 7507.75 7509.71 7511.59 7513.33 7514.82 7515.98 7516.72 7516.97 7516.72 7515.98 7514.82 7513.33 7511.59 7509.71 7507.75 7505.76 7503.79 7501.87 
7501.74 7499.92 7498.25 7496.72 7495.35 7494.15 7493.13 7492.31 7491.72 7491.35 7491.23 7491.35 7491.72 7492.31 7493.13 7494.15 7495.35 7496.72 7498.25 7499.92 7501.74 7503.69 7505.76 7507.94 7510.2 7512.48 7514.74 7516.86 7518.73 7520.21 7521.18 7521.51 7521.18 7520.21 7518.73 7516.86 7514.74 7512.48 7510.2 7507.94 7505.76 7503.69 
7503.39 7501.49 7499.77 7498.25 7496.9 7495.75 7494.79 7494.03 7493.48 7493.15 7493.04 7493.15 7493.48 7494.03 7494.79 7495.75 7496.9 7498.25 7499.77 7501.49 7503.39 7505.47 7507.75 7510.2 7512.8 7515.5 7518.24 7520.89 7523.3 7525.26 7526.55 7527.01 7526.55 7525.26 7523.3 7520.89 7518.24 7515.5 7512.8 7510.2 7507.75 7505.47 
7504.94 7502.92 7501.14 7499.59 7498.25 7497.11 7496.18 7495.46 7494.93 7494.62 7494.52 7494.62 7494.93 7495.46 7496.18 7497.11 7498.25 7499.59 7501.14 7502.92 7504.94 7507.2 7509.71 7512.48 7515.5 7518.73 7522.09 7525.46 7528.62 7531.28 7533.09 7533.75 7533.09 7531.28 7528.62 7525.46 7522.09 7518.73 7515.5 7512.48 7509.71 7507.2 
7506.35 7504.21 7502.35 7500.74 7499.38 7498.25 7497.33 7496.62 7496.11 7495.81 7495.71 7495.81 7496.11 7496.62 7497.33 7498.25 7499.38 7500.74 7502.35 7504.21 7506.35 7508.81 7511.59 7514.74 7518.24 7522.09 7526.24 7530.55 7534.77 7538.49 7541.15 7542.15 7541.15 7538.49 7534.77 7530.55 7526.24 7522.09 7518.24 7514.74 7511.59 7508.81 
7507.6 7505.32 7503.36 7501.7 7500.31 7499.17 7498.25 7497.54 7497.05 7496.75 7496.65 7496.75 7497.05 7497.54 7498.25 7499.17 7500.31 7501.7 7503.36 7505.32 7507.6 7510.26 7513.33 7516.86 7520.89 7525.46 7530.55 7536.07 7541.77 7547.13 7551.26 7552.92 7551.26 7547.13 7541.77 7536.07 7530.55 7525.46 7520.89 7516.86 7513.33 7510.26 
7508.64 7506.22 7504.18 7502.46 7501.04 7499.88 7498.95 7498.25 7497.75 7497.46 7497.36 7497.46 7497.75 7498.25 7498.95 7499.88 7501.04 7502.46 7504.18 7506.22 7508.64 7511.48 7514.82 7518.73 7523.3 7528.62 7534.77 7541.77 7549.49 7557.42 7564.24 7567.43 7564.24 7557.42 7549.49 7541.77 7534.77 7528.62 7523.3 7518.73 7514.82 7511.48 
7509.41 7506.89 7504.78 7503.01 7501.56 7500.38 7499.45 7498.74 7498.25 7497.96 7497.86 7497.96 7498.25 7498.74 7499.45 7500.38 7501.56 7503.01 7504.78 7506.89 7509.41 7512.41 7515.98 7520.21 7525.26 7531.28 7538.49 7547.13 7557.42 7569.23 7581.27 7588.76 7581.27 7569.23 7557.42 7547.13 7538.49 7531.28 7525.26 7520.21 7515.98 7512.41 
7509.9 7507.3 7505.14 7503.35 7501.87 7500.68 7499.74 7499.04 7498.54 7498.25 7498.15 7498.25 7498.54 7499.04 7499.74 7500.68 7501.87 7503.35 7505.14 7507.3 7509.9 7513 7516.72 7521.18 7526.55 7533.09 7541.15 7551.26 7564.24 7581.27 7603.29 7625.55 7603.29 7581.27 7564.24 7551.26 7541.15 7533.09 7526.55 7521.18 7516.72 7513 
7510.06 7507.44 7505.26 7503.46 7501.98 7500.78 7499.84 7499.13 7498.64 7498.35 7498.25 7498.35 7498.64 7499.13 7499.84 7500.78 7501.98 7503.46 7505.26 7507.44 7510.06 7513.2 7516.97 7521.51 7527.01 7533.75 7542.15 7552.92 7567.43 7588.76 7625.55 7707.45 7625.55 7588.76 7567.43 7552.92 7542.15 7533.75 7527.01 7521.51 7516.97 7513.2 
7509.9 7507.3 7505.14 7503.35 7501.87 7500.68 7499.74 7499.04 7498.54 7498.25 7498.15 7498.25 7498.54 7499.04 7499.74 7500.68 7501.87 7503.35 7505.14 7507.3 7509.9 7513 7516.72 7521.18 7526.55 7533.09 7541.15 7551.26 7564.24 7581.27 7603.29 7625.55 7603.29 7581.27 7564.24 7551.26 7541.15 7533.09 7526.55 7521.18 7516.72 7513 
7509.41 7506.89 7504.78 7503.01 7501.56 7500.38 7499.45 7498.74 7498.25 7497.96 7497.86 7497.96 7498.25 7498.74 7499.45 7500.38 7501.56 7503.01 7504.78 7506.89 7509.41 7512.41 7515.98 7520.21 7525.26 7531.28 7538.49 7547.13 7557.42 7569.23 7581.27 7588.76 7581.27 7569.23 7557.42 7547.13 7538.49 7531.28 7525.26 7520.21 7515.98 7512.41 
7508.64 7506.22 7504.18 7502.46 7501.04 7499.88 7498.95 7498.25 7497.75 7497.46 7497.36 7497.46 7497.75 7498.25 7498.95 7499.88 7501.04 7502.46 7504.18 7506.22 7508.64 7511.48 7514.82 7518.73 7523.3 7528.62 7534.77 7541.77 7549.49 7557.42 7564.24 7567.43 7564.24 7557.42 7549.49 7541.77 7534.77 7528.62 7523.3 7518.73 7514.82 7511.48 
7507.6 7505.32 7503.36 7501.7 7500.31 7499.17 7498.25 7497.54 7497.05 7496.75 7496.65 7496.75 7497.05 7497.54 7498.25 7499.17 7500.31 7501.7 7503.36 7505.32 7507.6 7510.26 7513.33 7516.86 7520.89 7525.46 7530.55 7536.07 7541.77 7547.13 7551.26 7552.92 7551.26 7547.13 7541.77 7536.07 7530.55 7525.46 7520.89 7516.86 7513.33 7510.26 
7506.35 7504.21 7502.35 7500.74 7499.38 7498.25 7497.33 7496.62 7496.11 7495.81 7495.71 7495.81 7496.11 7496.62 7497.33 7498.25 7499.38 7500.74 7502.35 7504.21 7506.35 7508.81 7511.59 7514.74 7518.24 7522.09 7526.24 7530.55 7534.77 7538.49 7541.15 7542.15 7541.15 7538.49 7534.77 7530.55 7526.24 7522.09 7518.24 7514.74 7511.59 7508.81 
7504.94 7502.92 7501.14 7499.59 7498.25 7497.11 7496.18 7495.46 7494.93 7494.62 7494.52 7494.62 7494.93 7495.46 7496.18 7497.11 7498.25 7499.59 7501.14 7502.92 7504.94 7507.2 7509.71 7512.48 7515.5 7518.73 7522.09 7525.46 7528.62 7531.28 7533.09 7533.75 7533.09 7531.28 7528.62 7525.46 7522.09 7518.73 7515.5 7512.48 7509.71 7507.2 
7503.39 7501.49 7499.77 7498.25 7496.9 7495.75 7494.79 7494.03 7493.48 7493.15 7493.04 7493.15 7493.48 7494.03 7494.79 7495.75 7496.9 7498.25 7499.77 7501.49 7503.39 7505.47 7507.75 7510.2 7512.8 7515.5 7518.24 7520.89 7523.3 7525.26 7526.55 7527.01 7526.55 7525.26 7523.3 7520.89 7518.24 7515.5 7512.8 7510.2 7507.75 7505.47 
7501.74 7499.92 7498.25 7496.72 7495.35 7494.15 7493.13 7492.31 7491.72 7491.35 7491.23 7491.35 7491.72 7492.31 7493.13 7494.15 7495.35 7496.72 7498.25 7499.92 7501.74 7503.69 7505.76 7507.94 7510.2 7512.48 7514.74 7516.86 7518.73 7520.21 7521.18 7521.51 7521.18 7520.21 7518.73 7516.86 7514.74 7512.48 7510.2 7507.94 7505.76 7503.69 
7500.02 7498.25 7496.57 7495 7493.57 7492.28 7491.17 7490.27 7489.6 7489.19 7489.05 7489.19 7489.6 7490.27 7491.17 7492.28 7493.57 7495 7496.57 7498.25 7500.02 7501.87 7503.79 7505.76 7507.75 7509.71 7511.59 7513.33 7514.82 7515.98 7516.72 7516.97 7516.72 7515.98 7514.82 7513.33 7511.59 7509.71 7507.75 7505.76 7503.79 7501.87 
7498.24 7496.47 7494.75 7493.1 7491.55 7490.14 7488.89 7487.85 7487.08 7486.59 7486.43 7486.59 7487.08 7487.85 7488.89 7490.14 7491.55 7493.1 7494.75 7496.47 7498.24 7500.05 7501.87 7503.69 7505.47 7507.2 7508.81 7510.26 7511.48 7512.41 7513 7513.2 7513 7512.41 7511.48 7510.26 7508.81 7507.2 7505.47 7503.69 7501.87 7500.05 
