7497.45 7496.63 7495.78 7494.92 7494.05 7493.21 7492.42 7491.73 7491.19 7490.84 7490.72 7490.84 7491.19 7491.73 7492.42 7493.21 7494.05 7494.92 7495.78 7496.63 7497.45 7498.25 7499.03 7499.8 7500.55 7501.27 7501.95 7502.56 7503.09 7503.5 7503.75 7503.84 7503.75 7503.5 7503.09 7502.56 7501.95 7501.27 7500.55 7499.8 7499.03 7498.25 
7496.63 7495.72 7494.75 7493.72 7492.65 7491.57 7490.53 7489.6 7488.86 7488.38 7488.21 7488.38 7488.86 7489.6 7490.53 7491.57 7492.65 7493.72 7494.75 7495.72 7496.63 7497.47 7498.25 7498.98 7499.66 7500.29 7500.86 7501.36 7501.77 7502.09 7502.29 7502.35 7502.29 7502.09 7501.77 7501.36 7500.86 7500.29 7499.66 7498.98 7498.25 7497.47 
7495.78 7494.75 7493.6 7492.34 7490.98 7489.58 7488.19 7486.92 7485.88 7485.19 7484.95 7485.19 7485.88 7486.92 7488.19 7489.58 7490.98 7492.34 7493.6 7494.75 7495.78 7496.7 7497.52 7498.25 7498.9 7499.47 7499.98 7500.4 7500.75 7501 7501.16 7501.21 7501.16 7501 7500.75 7500.4 7499.98 7499.47 7498.9 7498.25 7497.52 7496.7 
7494.92 7493.72 7492.34 7490.78 7489.05 7487.21 7485.34 7483.57 7482.09 7481.08 7480.72 7481.08 7482.09 7483.57 7485.34 7487.21 7489.05 7490.78 7492.34 7493.72 7494.92 7495.95 7496.84 7497.6 7498.25 7498.8 7499.27 7499.65 7499.95 7500.17 7500.3 7500.34 7500.3 7500.17 7499.95 7499.65 7499.27 7498.8 7498.25 7497.6 7496.84 7495.95 
7494.05 7492.65 7490.98 7489.05 7486.85 7484.43 7481.9 7479.42 7477.26 7475.76 7475.21 7475.76 7477.26 7479.42 7481.9 7484.43 7486.85 7489.05 7490.98 7492.65 7494.05 7495.23 7496.21 7497.03 7497.7 7498.25 7498.7 7499.06 7499.33 7499.53 7499.64 7499.68 7499.64 7499.53 7499.33 7499.06 7498.7 7498.25 7497.7 7497.03 7496.21 7495.23 
7493.21 7491.57 7489.58 7487.21 7484.43 7481.28 7477.85 7474.35 7471.17 7468.84 7467.96 7468.84 7471.17 7474.35 7477.85 7481.28 7484.43 7487.21 7489.58 7491.57 7493.21 7494.55 7495.64 7496.52 7497.23 7497.8 7498.25 7498.6 7498.86 7499.04 7499.15 7499.19 7499.15 7499.04 7498.86 7498.6 7498.25 7497.8 7497.23 7496.52 7495.64 7494.55 
7492.42 7490.53 7488.19 7485.34 7481.9 7477.85 7473.25 7468.31 7463.51 7459.75 7458.21 7459.75 7463.51 7468.31 7473.25 7477.85 7481.9 7485.34 7488.19 7490.53 7492.42 7493.93 7495.14 7496.1 7496.85 7497.44 7497.9 7498.25 7498.51 7498.68 7498.79 7498.82 7498.79 7498.68 7498.51 7498.25 7497.9 7497.44 7496.85 7496.1 7495.14 7493.93 
7491.73 7489.6 7486.92 7483.57 7479.42 7474.35 7468.31 7461.38 7454.06 7447.63 7444.57 7447.63 7454.06 7461.38 7468.31 7474.35 7479.42 7483.57 7486.92 7489.6 7491.73 7493.41 7494.72 7495.75 7496.55 7497.17 7497.64 7497.99 7498.25 7498.43 7498.53 7498.56 7498.53 7498.43 7498.25 7497.99 7497.64 7497.17 7496.55 7495.75 7494.72 7493.41 
7491.19 7488.86 7485.88 7482.09 7477.26 7471.17 7463.51 7454.06 7442.89 7431.28 7423.94 7431.28 7442.89 7454.06 7463.51 7471.17 7477.26 7482.09 7485.88 7488.86 7491.19 7493 7494.41 7495.5 7496.34 7496.98 7497.46 7497.82 7498.08 7498.25 7498.35 7498.38 7498.35 7498.25 7498.08 7497.82 7497.46 7496.98 7496.34 7495.5 7494.41 7493 
7490.84 7488.38 7485.19 7481.08 7475.76 7468.84 7459.75 7447.63 7431.28 7409.75 7387.75 7409.75 7431.28 7447.63 7459.75 7468.84 7475.76 7481.08 7485.19 7488.38 7490.84 7492.75 7494.21 7495.34 7496.2 7496.86 7497.35 7497.72 7497.98 7498.15 7498.25 7498.28 7498.25 7498.15 7497.98 7497.72 7497.35 7496.86 7496.2 7495.34 7494.21 7492.75 
7490.72 7488.21 7484.95 7480.72 7475.21 7467.96 7458.21 7444.57 7423.94 7387.75 7306.74 7387.75 7423.94 7444.57 7458.21 7467.96 7475.21 7480.72 7484.95 7488.21 7490.72 7492.66 7494.15 7495.29 7496.16 7496.82 7497.32 7497.68 7497.94 7498.12 7498.22 7498.25 7498.22 7498.12 7497.94 7497.68 7497.32 7496.82 7496.16 7495.29 7494.15 7492.66 
7490.84 7488.38 7485.19 7481.08 7475.76 7468.84 7459.75 7447.63 7431.28 7409.75 7387.75 7409.75 7431.28 7447.63 7459.75 7468.84 7475.76 7481.08 7485.19 7488.38 7490.84 7492.75 7494.21 7495.34 7496.2 7496.86 7497.35 7497.72 7497.98 7498.15 7498.25 7498.28 7498.25 7498.15 7497.98 7497.72 7497.35 7496.86 7496.2 7495.34 7494.21 7492.75 
7491.19 7488.86 7485.88 7482.09 7477.26 7471.17 7463.51 7454.06 7442.89 7431.28 7423.94 7431.28 7442.89 7454.06 7463.51 7471.17 7477.26 7482.09 7485.88 7488.86 7491.19 7493 7494.41 7495.5 7496.34 7496.98 7497.46 7497.82 7498.08 7498.25 7498.35 7498.38 7498.35 7498.25 7498.08 7497.82 7497.46 7496.98 7496.34 7495.5 7494.41 7493 
7491.73 7489.6 7486.92 7483.57 7479.42 7474.35 7468.31 7461.38 7454.06 7447.63 7444.57 7447.63 7454.06 7461.38 7468.31 7474.35 7479.42 7483.57 7486.92 7489.6 7491.73 7493.41 7494.72 7495.75 7496.55 7497.17 7497.64 7497.99 7498.25 7498.43 7498.53 7498.56 7498.53 7498.43 7498.25 7497.99 7497.64 7497.17 7496.55 7495.75 7494.72 7493.41 
7492.42 7490.53 7488.19 7485.34 7481.9 7477.85 7473.25 7468.31 7463.51 7459.75 7458.21 7459.75 7463.51 7468.31 7473.25 7477.85 7481.9 7485.34 7488.19 7490.53 7492.42 7493.93 7495.14 7496.1 7496.85 7497.44 7497.9 7498.25 7498.51 7498.68 7498.79 7498.82 7498.79 7498.68 7498.51 7498.25 7497.9 7497.44 7496.85 7496.1 7495.14 7493.93 
7493.21 7491.57 7489.58 7487.21 7484.43 7481.28 7477.85 7474.35 7471.17 7468.84 7467.96 7468.84 7471.17 7474.35 7477.85 7481.28 7484.43 7487.21 7489.58 7491.57 7493.21 7494.55 7495.64 7496.52 7497.23 7497.8 7498.25 7498.6 7498.86 7499.04 7499.15 7499.19 7499.15 7499.04 7498.86 7498.6 7498.25 7497.8 7497.23 7496.52 7495.64 7494.55 
7494.05 7492.65 7490.98 7489.05 7486.85 7484.43 7481.9 7479.42 7477.26 7475.76 7475.21 7475.76 7477.26 7479.42 7481.9 7484.43 7486.85 7489.05 7490.98 7492.65 7494.05 7495.23 7496.21 7497.03 7497.7 7498.25 7498.7 7499.06 7499.33 7499.53 7499.64 7499.68 7499.64 7499.53 7499.33 7499.06 7498.7 7498.25 7497.7 7497.03 7496.21 7495.23 
7494.92 7493.72 7492.34 7490.78 7489.05 7487.21 7485.34 7483.57 7482.09 7481.08 7480.72 7481.08 7482.09 7483.57 7485.34 7487.21 7489.05 7490.78 7492.34 7493.72 7494.92 7495.95 7496.84 7497.6 7498.25 7498.8 7499.27 7499.65 7499.95 7500.17 7500.3 7500.34 7500.3 7500.17 7499.95 7499.65 7499.27 7498.8 7498.25 7497.6 7496.84 7495.95 
7495.78 7494.75 7493.6 7492.34 7490.98 7489.58 7488.19 7486.92 7485.88 7485.19 7484.95 7485.19 7485.88 7486.92 7488.19 7489.58 7490.98 7492.34 7493.6 7494.75 7495.78 7496.7 7497.52 7498.25 7498.9 7499.47 7499.98 7500.4 7500.75 7501 7501.16 7501.21 7501.16 7501 7500.75 7500.4 7499.98 7499.47 7498.9 7498.25 7497.52 7496.7 
7496.63 7495.72 7494.75 7493.72 7492.65 7491.57 7490.53 7489.6 7488.86 7488.38 7488.21 7488.38 7488.86 7489.6 7490.53 7491.57 7492.65 7493.72 7494.75 7495.72 7496.63 7497.47 7498.25 7498.98 7499.66 7500.29 7500.86 7501.36 7501.77 7502.09 7502.29 7502.35 7502.29 7502.09 7501.77 7501.36 7500.86 7500.29 7499.66 7498.98 7498.25 7497.47 
7497.45 7496.63 7495.78 7494.92 7494.05 7493.21 7492.42 7491.73 7491.19 7490.84 7490.72 7490.84 7491.19 7491.73 7492.42 7493.21 7494.05 7494.92 7495.78 7496.63 7497.45 7498.25 7499.03 7499.8 7500.55 7501.27 7501.95 7502.56 7503.09 7503.5 7503.75 7503.84 7503.75 7503.5 7503.09 7502.56 7501.95 7501.27 7500.55 7499.8 7499.03 7498.25 
7498.25 7497.47 7496.7 7495.95 7495.23 7494.55 7493.93 7493.41 7493 7492.75 7492.66 7492.75 7493 7493.41 7493.93 7494.55 7495.23 7495.95 7496.7 7497.47 7498.25 7499.05 7499.87 7500.72 7501.58 7502.44 7503.29 7504.08 7504.77 7505.31 7505.66 7505.78 7505.66 7505.31 7504.77 7504.08 7503.29 7502.44 7501.58 7500.72 7499.87 7499.05 
7499.03 7498.25 7497.52 7496.84 7496.21 7495.64 7495.14 7494.72 7494.41 7494.21 7494.15 7494.21 7494.41 7494.72 7495.14 7495.64 7496.21 7496.84 7497.52 7498.25 7499.03 7499.87 7500.78 7501.75 7502.78 7503.85 7504.93 7505.97 7506.89 7507.64 7508.12 7508.29 7508.12 7507.64 7506.89 7505.97 7504.93 7503.85 7502.78 7501.75 7500.78 7499.87 
7499.8 7498.98 7498.25 7497.6 7497.03 7496.52 7496.1 7495.75 7495.5 7495.34 7495.29 7495.34 7495.5 7495.75 7496.1 7496.52 7497.03 7497.6 7498.25 7498.98 7499.8 7500.72 7501.75 7502.9 7504.16 7505.51 7506.92 7508.3 7509.57 7510.61 7511.3 7511.54 7511.3 7510.61 7509.57 7508.3 7506.92 7505.51 7504.16 7502.9 7501.75 7500.72 
7500.55 7499.66 7498.9 7498.25 7497.7 7497.23 7496.85 7496.55 7496.34 7496.2 7496.16 7496.2 7496.34 7496.55 7496.85 7497.23 7497.7 7498.25 7498.9 7499.66 7500.55 7501.58 7502.78 7504.16 7505.72 7507.45 7509.29 7511.16 7512.92 7514.41 7515.41 7515.77 7515.41 7514.41 7512.92 7511.16 7509.29 7507.45 7505.72 7504.16 7502.78 7501.58 
7501.27 7500.29 7499.47 7498.8 7498.25 7497.8 7497.44 7497.17 7496.98 7496.86 7496.82 7496.86 7496.98 7497.17 7497.44 7497.8 7498.25 7498.8 7499.47 7500.29 7501.27 7502.44 7503.85 7505.51 7507.45 7509.64 7512.06 7514.6 7517.08 7519.23 7520.73 7521.28 7520.73 7519.23 7517.08 7514.6 7512.06 7509.64 7507.45 7505.51 7503.85 7502.44 
7501.95 7500.86 7499.98 7499.27 7498.7 7498.25 7497.9 7497.64 7497.46 7497.35 7497.32 7497.35 7497.46 7497.64 7497.9 7498.25 7498.7 7499.27 7499.98 7500.86 7501.95 7503.29 7504.93 7506.92 7509.29 7512.06 7515.21 7518.65 7522.14 7525.33 7527.66 7528.54 7527.66 7525.33 7522.14 7518.65 7515.21 7512.06 7509.29 7506.92 7504.93 7503.29 
7502.56 7501.36 7500.4 7499.65 7499.06 7498.6 7498.25 7497.99 7497.82 7497.72 7497.68 7497.72 7497.82 7497.99 7498.25 7498.6 7499.06 7499.65 7500.4 7501.36 7502.56 7504.08 7505.97 7508.3 7511.16 7514.6 7518.65 7523.25 7528.19 7532.99 7536.76 7538.31 7536.76 7532.99 7528.19 7523.25 7518.65 7514.6 7511.16 7508.3 7505.97 7504.08 
7503.09 7501.77 7500.75 7499.95 7499.33 7498.86 7498.51 7498.25 7498.08 7497.98 7497.94 7497.98 7498.08 7498.25 7498.51 7498.86 7499.33 7499.95 7500.75 7501.77 7503.09 7504.77 7506.89 7509.57 7512.92 7517.08 7522.14 7528.19 7535.13 7542.46 7548.91 7551.98 7548.91 7542.46 7535.13 7528.19 7522.14 7517.08 7512.92 7509.57 7506.89 7504.77 
7503.5 7502.09 7501 7500.17 7499.53 7499.04 7498.68 7498.43 7498.25 7498.15 7498.12 7498.15 7498.25 7498.43 7498.68 7499.04 7499.53 7500.17 7501 7502.09 7503.5 7505.31 7507.64 7510.61 7514.41 7519.23 7525.33 7532.99 7542.46 7553.66 7565.31 7572.67 7565.31 7553.66 7542.46 7532.99 7525.33 7519.23 7514.41 7510.61 7507.64 7505.31 
7503.75 7502.29 7501.16 7500.3 7499.64 7499.15 7498.79 7498.53 7498.35 7498.25 7498.22 7498.25 7498.35 7498.53 7498.79 7499.15 7499.64 7500.3 7501.16 7502.29 7503.75 7505.66 7508.12 7511.3 7515.41 7520.73 7527.66 7536.76 7548.91 7565.31 7586.94 7609.05 7586.94 7565.31 7548.91 7536.76 7527.66 7520.73 7515.41 7511.3 7508.12 7505.66 
7503.84 7502.35 7501.21 7500.34 7499.68 7499.19 7498.82 7498.56 7498.38 7498.28 7498.25 7498.28 7498.38 7498.56 7498.82 7499.19 7499.68 7500.34 7501.21 7502.35 7503.84 7505.78 7508.29 7511.54 7515.77 7521.28 7528.54 7538.31 7551.98 7572.67 7609.05 7690.78 7609.05 7572.67 7551.98 7538.31 7528.54 7521.28 7515.77 7511.54 7508.29 7505.78 
7503.75 7502.29 7501.16 7500.3 7499.64 7499.15 7498.79 7498.53 7498.35 7498.25 7498.22 7498.25 7498.35 7498.53 7498.79 7499.15 7499.64 7500.3 7501.16 7502.29 7503.75 7505.66 7508.12 7511.3 7515.41 7520.73 7527.66 7536.76 7548.91 7565.31 7586.94 7609.05 7586.94 7565.31 7548.91 7536.76 7527.66 7520.73 7515.41 7511.3 7508.12 7505.66 
7503.5 7502.09 7501 7500.17 7499.53 7499.04 7498.68 7498.43 7498.25 7498.15 7498.12 7498.15 7498.25 7498.43 7498.68 7499.04 7499.53 7500.17 7501 7502.09 7503.5 7505.31 7507.64 7510.61 7514.41 7519.23 7525.33 7532.99 7542.46 7553.66 7565.31 7572.67 7565.31 7553.66 7542.46 7532.99 7525.33 7519.23 7514.41 7510.61 7507.64 7505.31 
7503.09 7501.77 7500.75 7499.95 7499.33 7498.86 7498.51 7498.25 7498.08 7497.98 7497.94 7497.98 7498.08 7498.25 7498.51 7498.86 7499.33 7499.95 7500.75 7501.77 7503.09 7504.77 7506.89 7509.57 7512.92 7517.08 7522.14 7528.19 7535.13 7542.46 7548.91 7551.98 7548.91 7542.46 7535.13 7528.19 7522.14 7517.08 7512.92 7509.57 7506.89 7504.77 
7502.56 7501.36 7500.4 7499.65 7499.06 7498.6 7498.25 7497.99 7497.82 7497.72 7497.68 7497.72 7497.82 7497.99 7498.25 7498.6 7499.06 7499.65 7500.4 7501.36 7502.56 7504.08 7505.97 7508.3 7511.16 7514.6 7518.65 7523.25 7528.19 7532.99 7536.76 7538.31 7536.76 7532.99 7528.19 7523.25 7518.65 7514.6 7511.16 7508.3 7505.97 7504.08 
7501.95 7500.86 7499.98 7499.27 7498.7 7498.25 7497.9 7497.64 7497.46 7497.35 7497.32 7497.35 7497.46 7497.64 7497.9 7498.25 7498.7 7499.27 7499.98 7500.86 7501.95 7503.29 7504.93 7506.92 7509.29 7512.06 7515.21 7518.65 7522.14 7525.33 7527.66 7528.54 7527.66 7525.33 7522.14 7518.65 7515.21 7512.06 7509.29 7506.92 7504.93 7503.29 
7501.27 7500.29 7499.47 7498.8 7498.25 7497.8 7497.44 7497.17 7496.98 7496.86 7496.82 7496.86 7496.98 7497.17 7497.44 7497.8 7498.25 7498.8 7499.47 7500.29 7501.27 7502.44 7503.85 7505.51 7507.45 7509.64 7512.06 7514.6 7517.08 7519.23 7520.73 7521.28 7520.73 7519.23 7517.08 7514.6 7512.06 7509.64 7507.45 7505.51 7503.85 7502.44 
7500.55 7499.66 7498.9 7498.25 7497.7 7497.23 7496.85 7496.55 7496.34 7496.2 7496.16 7496.2 7496.34 7496.55 7496.85 7497.23 7497.7 7498.25 7498.9 7499.66 7500.55 7501.58 7502.78 7504.16 7505.72 7507.45 7509.29 7511.16 7512.92 7514.41 7515.41 7515.77 7515.41 7514.41 7512.92 7511.16 7509.29 7507.45 7505.72 7504.16 7502.78 7501.58 
7499.8 7498.98 7498.25 7497.6 7497.03 7496.52 7496.1 7495.75 7495.5 7495.34 7495.29 7495.34 7495.5 7495.75 7496.1 7496.52 7497.03 7497.6 7498.25 7498.98 7499.8 7500.72 7501.75 7502.9 7504.16 7505.51 7506.92 7508.3 7509.57 7510.61 7511.3 7511.54 7511.3 7510.61 7509.57 7508.3 7506.92 7505.51 7504.16 7502.9 7501.75 7500.72 
7499.03 7498.25 7497.52 7496.84 7496.21 7495.64 7495.14 7494.72 7494.41 7494.21 7494.15 7494.21 7494.41 7494.72 7495.14 7495.64 7496.21 7496.84 7497.52 7498.25 7499.03 7499.87 7500.78 7501.75 7502.78 7503.85 7504.93 7505.97 7506.89 7507.64 7508.12 7508.29 7508.12 7507.64 7506.89 7505.97 7504.93 7503.85 7502.78 7501.75 7500.78 7499.87 
7498.25 7497.47 7496.7 7495.95 7495.23 7494.55 7493.93 7493.41 7493 7492.75 7492.66 7492.75 7493 7493.41 7493.93 7494.55 7495.23 7495.95 7496.7 7497.47 7498.25 7499.05 7499.87 7500.72 7501.58 7502.44 7503.29 7504.08 7504.77 7505.31 7505.66 7505.78 7505.66 7505.31 7504.77 7504.08 7503.29 7502.44 7501.58 7500.72 7499.87 7499.05 
