7496.22 7494.19 7492.17 7490.19 7488.29 7486.52 7484.94 7483.61 7482.6 7481.96 7481.74 7481.96 7482.6 7483.61 7484.94 7486.52 7488.29 7490.19 7492.17 7494.19 7496.22 7498.24 7500.23 7502.15 7503.99 7505.72 7507.29 7508.67 7509.81 7510.67 7511.2 7511.38 7511.2 7510.67 7509.81 7508.67 7507.29 7505.72 7503.99 7502.15 7500.23 7498.24 
7494.19 7492.06 7489.88 7487.7 7485.56 7483.52 7481.65 7480.05 7478.81 7478.02 7477.75 7478.02 7478.81 7480.05 7481.65 7483.52 7485.56 7487.7 7489.88 7492.06 7494.19 7496.26 7498.24 7500.12 7501.88 7503.49 7504.93 7506.17 7507.18 7507.93 7508.39 7508.54 7508.39 7507.93 7507.18 7506.17 7504.93 7503.49 7501.88 7500.12 7498.24 7496.26 
7492.17 7489.88 7487.5 7485.04 7482.58 7480.16 7477.91 7475.92 7474.36 7473.35 7473 7473.35 7474.36 7475.92 7477.91 7480.16 7482.58 7485.04 7487.5 7489.88 7492.17 7494.34 7496.36 7498.24 7499.96 7501.51 7502.86 7504.01 7504.93 7505.61 7506.02 7506.16 7506.02 7505.61 7504.93 7504.01 7502.86 7501.51 7499.96 7498.24 7496.36 7494.34 
7490.19 7487.7 7485.04 7482.25 7479.36 7476.46 7473.67 7471.15 7469.11 7467.77 7467.29 7467.77 7469.11 7471.15 7473.67 7476.46 7479.36 7482.25 7485.04 7487.7 7490.19 7492.49 7494.61 7496.52 7498.24 7499.76 7501.07 7502.16 7503.02 7503.65 7504.03 7504.16 7504.03 7503.65 7503.02 7502.16 7501.07 7499.76 7498.24 7496.52 7494.61 7492.49 
7488.29 7485.56 7482.58 7479.36 7475.94 7472.42 7468.91 7465.65 7462.9 7461.04 7460.37 7461.04 7462.9 7465.65 7468.91 7472.42 7475.94 7479.36 7482.58 7485.56 7488.29 7490.77 7493 7494.98 7496.73 7498.25 7499.53 7500.59 7501.42 7502.02 7502.38 7502.5 7502.38 7502.02 7501.42 7500.59 7499.53 7498.25 7496.73 7494.98 7493 7490.77 
7486.52 7483.52 7480.16 7476.46 7472.42 7468.11 7463.66 7459.33 7455.53 7452.82 7451.81 7452.82 7455.53 7459.33 7463.66 7468.11 7472.42 7476.46 7480.16 7483.52 7486.52 7489.2 7491.56 7493.62 7495.42 7496.96 7498.25 7499.29 7500.11 7500.69 7501.04 7501.15 7501.04 7500.69 7500.11 7499.29 7498.25 7496.96 7495.42 7493.62 7491.56 7489.2 
7484.94 7481.65 7477.91 7473.67 7468.91 7463.66 7458 7452.2 7446.76 7442.59 7440.92 7442.59 7446.76 7452.2 7458 7463.66 7468.91 7473.67 7477.91 7481.65 7484.94 7487.82 7490.32 7492.48 7494.33 7495.9 7497.2 7498.25 7499.05 7499.63 7499.97 7500.08 7499.97 7499.63 7499.05 7498.25 7497.2 7495.9 7494.33 7492.48 7490.32 7487.82 
7483.61 7480.05 7475.92 7471.15 7465.65 7459.33 7452.2 7444.37 7436.38 7429.54 7426.34 7429.54 7436.38 7444.37 7452.2 7459.33 7465.65 7471.15 7475.92 7480.05 7483.61 7486.67 7489.31 7491.56 7493.47 7495.07 7496.38 7497.44 7498.25 7498.82 7499.16 7499.27 7499.16 7498.82 7498.25 7497.44 7496.38 7495.07 7493.47 7491.56 7489.31 7486.67 
7482.6 7478.81 7474.36 7469.11 7462.9 7455.53 7446.76 7436.38 7424.52 7412.49 7405.02 7412.49 7424.52 7436.38 7446.76 7455.53 7462.9 7469.11 7474.36 7478.81 7482.6 7485.82 7488.56 7490.88 7492.84 7494.47 7495.8 7496.87 7497.68 7498.25 7498.59 7498.7 7498.59 7498.25 7497.68 7496.87 7495.8 7494.47 7492.84 7490.88 7488.56 7485.82 
7481.96 7478.02 7473.35 7467.77 7461.04 7452.82 7442.59 7429.54 7412.49 7390.53 7368.4 7390.53 7412.49 7429.54 7442.59 7452.82 7461.04 7467.77 7473.35 7478.02 7481.96 7485.29 7488.1 7490.47 7492.46 7494.11 7495.46 7496.53 7497.34 7497.91 7498.25 7498.36 7498.25 7497.91 7497.34 7496.53 7495.46 7494.11 7492.46 7490.47 7488.1 7485.29 
7481.74 7477.75 7473 7467.29 7460.37 7451.81 7440.92 7426.34 7405.02 7368.4 7287.28 7368.4 7405.02 7426.34 7440.92 7451.81 7460.37 7467.29 7473 7477.75 7481.74 7485.11 7487.95 7490.33 7492.33 7493.99 7495.34 7496.41 7497.23 7497.8 7498.14 7498.25 7498.14 7497.8 7497.23 7496.41 7495.34 7493.99 7492.33 7490.33 7487.95 7485.11 
7481.96 7478.02 7473.35 7467.77 7461.04 7452.82 7442.59 7429.54 7412.49 7390.53 7368.4 7390.53 7412.49 7429.54 7442.59 7452.82 7461.04 7467.77 7473.35 7478.02 7481.96 7485.29 7488.1 7490.47 7492.46 7494.11 7495.46 7496.53 7497.34 7497.91 7498.25 7498.36 7498.25 7497.91 7497.34 7496.53 7495.46 7494.11 7492.46 7490.47 7488.1 7485.29 
7482.6 7478.81 7474.36 7469.11 7462.9 7455.53 7446.76 7436.38 7424.52 7412.49 7405.02 7412.49 7424.52 7436.38 7446.76 7455.53 7462.9 7469.11 7474.36 7478.81 7482.6 7485.82 7488.56 7490.88 7492.84 7494.47 7495.8 7496.87 7497.68 7498.25 7498.59 7498.7 7498.59 7498.25 7497.68 7496.87 7495.8 7494.47 7492.84 7490.88 7488.56 7485.82 
7483.61 7480.05 7475.92 7471.15 7465.65 7459.33 7452.2 7444.37 7436.38 7429.54 7426.34 7429.54 7436.38 7444.37 7452.2 7459.33 7465.65 7471.15 7475.92 7480.05 7483.61 7486.67 7489.31 7491.56 7493.47 7495.07 7496.38 7497.44 7498.25 7498.82 7499.16 7499.27 7499.16 7498.82 7498.25 7497.44 7496.38 7495.07 7493.47 7491.56 7489.31 7486.67 
7484.94 7481.65 7477.91 7473.67 7468.91 7463.66 7458 7452.2 7446.76 7442.59 7440.92 7442.59 7446.76 7452.2 7458 7463.66 7468.91 7473.67 7477.91 7481.65 7484.94 7487.82 7490.32 7492.48 7494.33 7495.9 7497.2 7498.25 7499.05 7499.63 7499.97 7500.08 7499.97 7499.63 7499.05 7498.25 7497.2 7495.9 7494.33 7492.48 7490.32 7487.82 
7486.52 7483.52 7480.16 7476.46 7472.42 7468.11 7463.66 7459.33 7455.53 7452.82 7451.81 7452.82 7455.53 7459.33 7463.66 7468.11 7472.42 7476.46 7480.16 7483.52 7486.52 7489.2 7491.56 7493.62 7495.42 7496.96 7498.25 7499.29 7500.11 7500.69 7501.04 7501.15 7501.04 7500.69 7500.11 7499.29 7498.25 7496.96 7495.42 7493.62 7491.56 7489.2 
7488.29 7485.56 7482.58 7479.36 7475.94 7472.42 7468.91 7465.65 7462.9 7461.04 7460.37 7461.04 7462.9 7465.65 7468.91 7472.42 7475.94 7479.36 7482.58 7485.56 7488.29 7490.77 7493 7494.98 7496.73 7498.25 7499.53 7500.59 7501.42 7502.02 7502.38 7502.5 7502.38 7502.02 7501.42 7500.59 7499.53 7498.25 7496.73 7494.98 7493 7490.77 
7490.19 7487.7 7485.04 7482.25 7479.36 7476.46 7473.67 7471.15 7469.11 7467.77 7467.29 7467.77 7469.11 7471.15 7473.67 7476.46 7479.36 7482.25 7485.04 7487.7 7490.19 7492.49 7494.61 7496.52 7498.24 7499.76 7501.07 7502.16 7503.02 7503.65 7504.03 7504.16 7504.03 7503.65 7503.02 7502.16 7501.07 7499.76 7498.24 7496.52 7494.61 7492.49 
7492.17 7489.88 7487.5 7485.04 7482.58 7480.16 7477.91 7475.92 7474.36 7473.35 7473 7473.35 7474.36 7475.92 7477.91 7480.16 7482.58 7485.04 7487.5 7489.88 7492.17 7494.34 7496.36 7498.24 7499.96 7501.51 7502.86 7504.01 7504.93 7505.61 7506.02 7506.16 7506.02 7505.61 7504.93 7504.01 7502.86 7501.51 7499.96 7498.24 7496.36 7494.34 
7494.19 7492.06 7489.88 7487.7 7485.56 7483.52 7481.65 7480.05 7478.81 7478.02 7477.75 7478.02 7478.81 7480.05 7481.65 7483.52 7485.56 7487.7 7489.88 7492.06 7494.19 7496.26 7498.24 7500.12 7501.88 7503.49 7504.93 7506.17 7507.18 7507.93 7508.39 7508.54 7508.39 7507.93 7507.18 7506.17 7504.93 7503.49 7501.88 7500.12 7498.24 7496.26 
7496.22 7494.19 7492.17 7490.19 7488.29 7486.52 7484.94 7483.61 7482.6 7481.96 7481.74 7481.96 7482.6 7483.61 7484.94 7486.52 7488.29 7490.19 7492.17 7494.19 7496.22 7498.24 7500.23 7502.15 7503.99 7505.72 7507.29 7508.67 7509.81 7510.67 7511.2 7511.38 7511.2 7510.67 7509.81 7508.67 7507.29 7505.72 7503.99 7502.15 7500.23 7498.24 
7498.24 7496.26 7494.34 7492.49 7490.77 7489.2 7487.82 7486.67 7485.82 7485.29 7485.11 7485.29 7485.82 7486.67 7487.82 7489.2 7490.77 7492.49 7494.34 7496.26 7498.24 7500.26 7502.3 7504.32 7506.3 7508.2 7509.97 7511.55 7512.88 7513.89 7514.53 7514.75 7514.53 7513.89 7512.88 7511.55 7509.97 7508.2 7506.3 7504.32 7502.3 7500.26 
7500.23 7498.24 7496.36 7494.61 7493 7491.56 7490.32 7489.31 7488.56 7488.1 7487.95 7488.1 7488.56 7489.31 7490.32 7491.56 7493 7494.61 7496.36 7498.24 7500.23 7502.3 7504.43 7506.6 7508.79 7510.93 7512.97 7514.84 7516.44 7517.68 7518.47 7518.74 7518.47 7517.68 7516.44 7514.84 7512.97 7510.93 7508.79 7506.6 7504.43 7502.3 
7502.15 7500.12 7498.24 7496.52 7494.98 7493.62 7492.48 7491.56 7490.88 7490.47 7490.33 7490.47 7490.88 7491.56 7492.48 7493.62 7494.98 7496.52 7498.24 7500.12 7502.15 7504.32 7506.6 7508.99 7511.44 7513.91 7516.33 7518.59 7520.57 7522.14 7523.15 7523.5 7523.15 7522.14 7520.57 7518.59 7516.33 7513.91 7511.44 7508.99 7506.6 7504.32 
7503.99 7501.88 7499.96 7498.24 7496.73 7495.42 7494.33 7493.47 7492.84 7492.46 7492.33 7492.46 7492.84 7493.47 7494.33 7495.42 7496.73 7498.24 7499.96 7501.88 7503.99 7506.3 7508.79 7511.44 7514.24 7517.13 7520.03 7522.83 7525.34 7527.39 7528.73 7529.21 7528.73 7527.39 7525.34 7522.83 7520.03 7517.13 7514.24 7511.44 7508.79 7506.3 
7505.72 7503.49 7501.51 7499.76 7498.25 7496.96 7495.9 7495.07 7494.47 7494.11 7493.99 7494.11 7494.47 7495.07 7495.9 7496.96 7498.25 7499.76 7501.51 7503.49 7505.72 7508.2 7510.93 7513.91 7517.13 7520.55 7524.08 7527.58 7530.86 7533.6 7535.47 7536.14 7535.47 7533.6 7530.86 7527.58 7524.08 7520.55 7517.13 7513.91 7510.93 7508.2 
7507.29 7504.93 7502.86 7501.07 7499.53 7498.25 7497.2 7496.38 7495.8 7495.46 7495.34 7495.46 7495.8 7496.38 7497.2 7498.25 7499.53 7501.07 7502.86 7504.93 7507.29 7509.97 7512.97 7516.33 7520.03 7524.08 7528.39 7532.84 7537.18 7540.99 7543.7 7544.71 7543.7 7540.99 7537.18 7532.84 7528.39 7524.08 7520.03 7516.33 7512.97 7509.97 
7508.67 7506.17 7504.01 7502.16 7500.59 7499.29 7498.25 7497.44 7496.87 7496.53 7496.41 7496.53 7496.87 7497.44 7498.25 7499.29 7500.59 7502.16 7504.01 7506.17 7508.67 7511.55 7514.84 7518.59 7522.83 7527.58 7532.84 7538.51 7544.33 7549.78 7553.96 7555.64 7553.96 7549.78 7544.33 7538.51 7532.84 7527.58 7522.83 7518.59 7514.84 7511.55 
7509.81 7507.18 7504.93 7503.02 7501.42 7500.11 7499.05 7498.25 7497.68 7497.34 7497.23 7497.34 7497.68 7498.25 7499.05 7500.11 7501.42 7503.02 7504.93 7507.18 7509.81 7512.88 7516.44 7520.57 7525.34 7530.86 7537.18 7544.33 7552.17 7560.19 7567.06 7570.27 7567.06 7560.19 7552.17 7544.33 7537.18 7530.86 7525.34 7520.57 7516.44 7512.88 
7510.67 7507.93 7505.61 7503.65 7502.02 7500.69 7499.63 7498.82 7498.25 7497.91 7497.8 7497.91 7498.25 7498.82 7499.63 7500.69 7502.02 7503.65 7505.61 7507.93 7510.67 7513.89 7517.68 7522.14 7527.39 7533.6 7540.99 7549.78 7560.19 7572.09 7584.18 7591.69 7584.18 7572.09 7560.19 7549.78 7540.99 7533.6 7527.39 7522.14 7517.68 7513.89 
7511.2 7508.39 7506.02 7504.03 7502.38 7501.04 7499.97 7499.16 7498.59 7498.25 7498.14 7498.25 7498.59 7499.16 7499.97 7501.04 7502.38 7504.03 7506.02 7508.39 7511.2 7514.53 7518.47 7523.15 7528.73 7535.47 7543.7 7553.96 7567.06 7584.18 7606.26 7628.54 7606.26 7584.18 7567.06 7553.96 7543.7 7535.47 7528.73 7523.15 7518.47 7514.53 
7511.38 7508.54 7506.16 7504.16 7502.5 7501.15 7500.08 7499.27 7498.7 7498.36 7498.25 7498.36 7498.7 7499.27 7500.08 7501.15 7502.5 7504.16 7506.16 7508.54 7511.38 7514.75 7518.74 7523.5 7529.21 7536.14 7544.71 7555.64 7570.27 7591.69 7628.54 7710.47 7628.54 7591.69 7570.27 7555.64 7544.71 7536.14 7529.21 7523.5 7518.74 7514.75 
7511.2 7508.39 7506.02 7504.03 7502.38 7501.04 7499.97 7499.16 7498.59 7498.25 7498.14 7498.25 7498.59 7499.16 7499.97 7501.04 7502.38 7504.03 7506.02 7508.39 7511.2 7514.53 7518.47 7523.15 7528.73 7535.47 7543.7 7553.96 7567.06 7584.18 7606.26 7628.54 7606.26 7584.18 7567.06 7553.96 7543.7 7535.47 7528.73 7523.15 7518.47 7514.53 
7510.67 7507.93 7505.61 7503.65 7502.02 7500.69 7499.63 7498.82 7498.25 7497.91 7497.8 7497.91 7498.25 7498.82 7499.63 7500.69 7502.02 7503.65 7505.61 7507.93 7510.67 7513.89 7517.68 7522.14 7527.39 7533.6 7540.99 7549.78 7560.19 7572.09 7584.18 7591.69 7584.18 7572.09 7560.19 7549.78 7540.99 7533.6 7527.39 7522.14 7517.68 7513.89 
7509.81 7507.18 7504.93 7503.02 7501.42 7500.11 7499.05 7498.25 7497.68 7497.34 7497.23 7497.34 7497.68 7498.25 7499.05 7500.11 7501.42 7503.02 7504.93 7507.18 7509.81 7512.88 7516.44 7520.57 7525.34 7530.86 7537.18 7544.33 7552.17 7560.19 7567.06 7570.27 7567.06 7560.19 7552.17 7544.33 7537.18 7530.86 7525.34 7520.57 7516.44 7512.88 
7508.67 7506.17 7504.01 7502.16 7500.59 7499.29 7498.25 7497.44 7496.87 7496.53 7496.41 7496.53 7496.87 7497.44 7498.25 7499.29 7500.59 7502.16 7504.01 7506.17 7508.67 7511.55 7514.84 7518.59 7522.83 7527.58 7532.84 7538.51 7544.33 7549.78 7553.96 7555.64 7553.96 7549.78 7544.33 7538.51 7532.84 7527.58 7522.83 7518.59 7514.84 7511.55 
7507.29 7504.93 7502.86 7501.07 7499.53 7498.25 7497.2 7496.38 7495.8 7495.46 7495.34 7495.46 7495.8 7496.38 7497.2 7498.25 7499.53 7501.07 7502.86 7504.93 7507.29 7509.97 7512.97 7516.33 7520.03 7524.08 7528.39 7532.84 7537.18 7540.99 7543.7 7544.71 7543.7 7540.99 7537.18 7532.84 7528.39 7524.08 7520.03 7516.33 7512.97 7509.97 
7505.72 7503.49 7501.51 7499.76 7498.25 7496.96 7495.9 7495.07 7494.47 7494.11 7493.99 7494.11 7494.47 7495.07 7495.9 7496.96 7498.25 7499.76 7501.51 7503.49 7505.72 7508.2 7510.93 7513.91 7517.13 7520.55 7524.08 7527.58 7530.86 7533.6 7535.47 7536.14 7535.47 7533.6 7530.86 7527.58 7524.08 7520.55 7517.13 7513.91 7510.93 7508.2 
7503.99 7501.88 7499.96 7498.24 7496.73 7495.42 7494.33 7493.47 7492.84 7492.46 7492.33 7492.46 7492.84 7493.47 7494.33 7495.42 7496.73 7498.24 7499.96 7501.88 7503.99 7506.3 7508.79 7511.44 7514.24 7517.13 7520.03 7522.83 7525.34 7527.39 7528.73 7529.21 7528.73 7527.39 7525.34 7522.83 7520.03 7517.13 7514.24 7511.44 7508.79 7506.3 
7502.15 7500.12 7498.24 7496.52 7494.98 7493.62 7492.48 7491.56 7490.88 7490.47 7490.33 7490.47 7490.88 7491.56 7492.48 7493.62 7494.98 7496.52 7498.24 7500.12 7502.15 7504.32 7506.6 7508.99 7511.44 7513.91 7516.33 7518.59 7520.57 7522.14 7523.15 7523.5 7523.15 7522.14 7520.57 7518.59 7516.33 7513.91 7511.44 7508.99 7506.6 7504.32 
7500.23 7498.24 7496.36 7494.61 7493 7491.56 7490.32 7489.31 7488.56 7488.1 7487.95 7488.1 7488.56 7489.31 7490.32 7491.56 7493 7494.61 7496.36 7498.24 7500.23 7502.3 7504.43 7506.6 7508.79 7510.93 7512.97 7514.84 7516.44 7517.68 7518.47 7518.74 7518.47 7517.68 7516.44 7514.84 7512.97 7510.93 7508.79 7506.6 7504.43 7502.3 
7498.24 7496.26 7494.34 7492.49 7490.77 7489.2 7487.82 7486.67 7485.82 7485.29 7485.11 7485.29 7485.82 7486.67 7487.82 7489.2 7490.77 7492.49 7494.34 7496.26 7498.24 7500.26 7502.3 7504.32 7506.3 7508.2 7509.97 7511.55 7512.88 7513.89 7514.53 7514.75 7514.53 7513.89 7512.88 7511.55 7509.97 7508.2 7506.3 7504.32 7502.3 7500.26 
