7495.11 7491.98 7488.89 7485.92 7483.1 7480.52 7478.24 7476.36 7474.94 7474.06 7473.76 7474.06 7474.94 7476.36 7478.24 7480.52 7483.1 7485.92 7488.89 7491.98 7495.11 7498.24 7501.32 7504.3 7507.14 7509.79 7512.17 7514.25 7515.94 7517.2 7517.98 7518.24 7517.98 7517.2 7515.94 7514.25 7512.17 7509.79 7507.14 7504.3 7501.32 7498.24 
7491.98 7488.74 7485.51 7482.33 7479.27 7476.41 7473.85 7471.69 7470.05 7469.01 7468.66 7469.01 7470.05 7471.69 7473.85 7476.41 7479.27 7482.33 7485.51 7488.74 7491.98 7495.15 7498.24 7501.18 7503.93 7506.46 7508.71 7510.64 7512.2 7513.36 7514.06 7514.3 7514.06 7513.36 7512.2 7510.64 7508.71 7506.46 7503.93 7501.18 7498.24 7495.15 
7488.89 7485.51 7482.06 7478.61 7475.22 7471.99 7469.04 7466.5 7464.52 7463.26 7462.83 7463.26 7464.52 7466.5 7469.04 7471.99 7475.22 7478.61 7482.06 7485.51 7488.89 7492.17 7495.3 7498.24 7500.95 7503.41 7505.58 7507.42 7508.89 7509.97 7510.63 7510.85 7510.63 7509.97 7508.89 7507.42 7505.58 7503.41 7500.95 7498.24 7495.3 7492.17 
7485.92 7482.33 7478.61 7474.8 7470.99 7467.27 7463.79 7460.71 7458.27 7456.67 7456.12 7456.67 7458.27 7460.71 7463.79 7467.27 7470.99 7474.8 7478.61 7482.33 7485.92 7489.33 7492.54 7495.52 7498.24 7500.67 7502.79 7504.57 7505.98 7507.01 7507.64 7507.85 7507.64 7507.01 7505.98 7504.57 7502.79 7500.67 7498.24 7495.52 7492.54 7489.33 
7483.1 7479.27 7475.22 7470.99 7466.66 7462.31 7458.11 7454.28 7451.13 7449.02 7448.26 7449.02 7451.13 7454.28 7458.11 7462.31 7466.66 7470.99 7475.22 7479.27 7483.1 7486.69 7490.01 7493.06 7495.8 7498.24 7500.33 7502.08 7503.47 7504.47 7505.07 7505.27 7505.07 7504.47 7503.47 7502.08 7500.33 7498.24 7495.8 7493.06 7490.01 7486.69 
7480.52 7476.41 7471.99 7467.27 7462.31 7457.18 7452.03 7447.14 7442.93 7439.97 7438.88 7439.97 7442.93 7447.14 7452.03 7457.18 7462.31 7467.27 7471.99 7476.41 7480.52 7484.3 7487.76 7490.89 7493.69 7496.14 7498.24 7499.97 7501.34 7502.32 7502.91 7503.11 7502.91 7502.32 7501.34 7499.97 7498.24 7496.14 7493.69 7490.89 7487.76 7484.3 
7478.24 7473.85 7469.04 7463.79 7458.11 7452.03 7445.68 7439.31 7433.46 7429.04 7427.28 7429.04 7433.46 7439.31 7445.68 7452.03 7458.11 7463.79 7469.04 7473.85 7478.24 7482.23 7485.83 7489.06 7491.91 7494.39 7496.5 7498.24 7499.59 7500.57 7501.16 7501.35 7501.16 7500.57 7499.59 7498.24 7496.5 7494.39 7491.91 7489.06 7485.83 7482.23 
7476.36 7471.69 7466.5 7460.71 7454.28 7447.14 7439.31 7430.92 7422.52 7415.42 7412.14 7415.42 7422.52 7430.92 7439.31 7447.14 7454.28 7460.71 7466.5 7471.69 7476.36 7480.54 7484.27 7487.58 7490.49 7493.01 7495.13 7496.88 7498.24 7499.21 7499.79 7499.99 7499.79 7499.21 7498.24 7496.88 7495.13 7493.01 7490.49 7487.58 7484.27 7480.54 
7474.94 7470.05 7464.52 7458.27 7451.13 7442.93 7433.46 7422.52 7410.25 7397.97 7390.41 7397.97 7410.25 7422.52 7433.46 7442.93 7451.13 7458.27 7464.52 7470.05 7474.94 7479.28 7483.12 7486.51 7489.46 7492.01 7494.15 7495.9 7497.26 7498.24 7498.82 7499.01 7498.82 7498.24 7497.26 7495.9 7494.15 7492.01 7489.46 7486.51 7483.12 7479.28 
7474.06 7469.01 7463.26 7456.67 7449.02 7439.97 7429.04 7415.42 7397.97 7375.77 7353.57 7375.77 7397.97 7415.42 7429.04 7439.97 7449.02 7456.67 7463.26 7469.01 7474.06 7478.5 7482.42 7485.85 7488.84 7491.4 7493.56 7495.32 7496.68 7497.65 7498.24 7498.43 7498.24 7497.65 7496.68 7495.32 7493.56 7491.4 7488.84 7485.85 7482.42 7478.5 
7473.76 7468.66 7462.83 7456.12 7448.26 7438.88 7427.28 7412.14 7390.41 7353.57 7272.39 7353.57 7390.41 7412.14 7427.28 7438.88 7448.26 7456.12 7462.83 7468.66 7473.76 7478.24 7482.18 7485.63 7488.63 7491.2 7493.36 7495.12 7496.48 7497.46 7498.04 7498.24 7498.04 7497.46 7496.48 7495.12 7493.36 7491.2 7488.63 7485.63 7482.18 7478.24 
7474.06 7469.01 7463.26 7456.67 7449.02 7439.97 7429.04 7415.42 7397.97 7375.77 7353.57 7375.77 7397.97 7415.42 7429.04 7439.97 7449.02 7456.67 7463.26 7469.01 7474.06 7478.5 7482.42 7485.85 7488.84 7491.4 7493.56 7495.32 7496.68 7497.65 7498.24 7498.43 7498.24 7497.65 7496.68 7495.32 7493.56 7491.4 7488.84 7485.85 7482.42 7478.5 
7474.94 7470.05 7464.52 7458.27 7451.13 7442.93 7433.46 7422.52 7410.25 7397.97 7390.41 7397.97 7410.25 7422.52 7433.46 7442.93 7451.13 7458.27 7464.52 7470.05 7474.94 7479.28 7483.12 7486.51 7489.46 7492.01 7494.15 7495.9 7497.26 7498.24 7498.82 7499.01 7498.82 7498.24 7497.26 7495.9 7494.15 7492.01 7489.46 7486.51 7483.12 7479.28 
7476.36 7471.69 7466.5 7460.71 7454.28 7447.14 7439.31 7430.92 7422.52 7415.42 7412.14 7415.42 7422.52 7430.92 7439.31 7447.14 7454.28 7460.71 7466.5 7471.69 7476.36 7480.54 7484.27 7487.58 7490.49 7493.01 7495.13 7496.88 7498.24 7499.21 7499.79 7499.99 7499.79 7499.21 7498.24 7496.88 7495.13 7493.01 7490.49 7487.58 7484.27 7480.54 
7478.24 7473.85 7469.04 7463.79 7458.11 7452.03 7445.68 7439.31 7433.46 7429.04 7427.28 7429.04 7433.46 7439.31 7445.68 7452.03 7458.11 7463.79 7469.04 7473.85 7478.24 7482.23 7485.83 7489.06 7491.91 7494.39 7496.5 7498.24 7499.59 7500.57 7501.16 7501.35 7501.16 7500.57 7499.59 7498.24 7496.5 7494.39 7491.91 7489.06 7485.83 7482.23 
7480.52 7476.41 7471.99 7467.27 7462.31 7457.18 7452.03 7447.14 7442.93 7439.97 7438.88 7439.97 7442.93 7447.14 7452.03 7457.18 7462.31 7467.27 7471.99 7476.41 7480.52 7484.3 7487.76 7490.89 7493.69 7496.14 7498.24 7499.97 7501.34 7502.32 7502.91 7503.11 7502.91 7502.32 7501.34 7499.97 7498.24 7496.14 7493.69 7490.89 7487.76 7484.3 
7483.1 7479.27 7475.22 7470.99 7466.66 7462.31 7458.11 7454.28 7451.13 7449.02 7448.26 7449.02 7451.13 7454.28 7458.11 7462.31 7466.66 7470.99 7475.22 7479.27 7483.1 7486.69 7490.01 7493.06 7495.8 7498.24 7500.33 7502.08 7503.47 7504.47 7505.07 7505.27 7505.07 7504.47 7503.47 7502.08 7500.33 7498.24 7495.8 7493.06 7490.01 7486.69 
7485.92 7482.33 7478.61 7474.8 7470.99 7467.27 7463.79 7460.71 7458.27 7456.67 7456.12 7456.67 7458.27 7460.71 7463.79 7467.27 7470.99 7474.8 7478.61 7482.33 7485.92 7489.33 7492.54 7495.52 7498.24 7500.67 7502.79 7504.57 7505.98 7507.01 7507.64 7507.85 7507.64 7507.01 7505.98 7504.57 7502.79 7500.67 7498.24 7495.52 7492.54 7489.33 
7488.89 7485.51 7482.06 7478.61 7475.22 7471.99 7469.04 7466.5 7464.52 7463.26 7462.83 7463.26 7464.52 7466.5 7469.04 7471.99 7475.22 7478.61 7482.06 7485.51 7488.89 7492.17 7495.3 7498.24 7500.95 7503.41 7505.58 7507.42 7508.89 7509.97 7510.63 7510.85 7510.63 7509.97 7508.89 7507.42 7505.58 7503.41 7500.95 7498.24 7495.3 7492.17 
7491.98 7488.74 7485.51 7482.33 7479.27 7476.41 7473.85 7471.69 7470.05 7469.01 7468.66 7469.01 7470.05 7471.69 7473.85 7476.41 7479.27 7482.33 7485.51 7488.74 7491.98 7495.15 7498.24 7501.18 7503.93 7506.46 7508.71 7510.64 7512.2 7513.36 7514.06 7514.3 7514.06 7513.36 7512.2 7510.64 7508.71 7506.46 7503.93 7501.18 7498.24 7495.15 
7495.11 7491.98 7488.89 7485.92 7483.1 7480.52 7478.24 7476.36 7474.94 7474.06 7473.76 7474.06 7474.94 7476.36 7478.24 7480.52 7483.1 7485.92 7488.89 7491.98 7495.11 7498.24 7501.32 7504.3 7507.14 7509.79 7512.17 7514.25 7515.94 7517.2 7517.98 7518.24 7517.98 7517.2 7515.94 7514.25 7512.17 7509.79 7507.14 7504.3 7501.32 7498.24 
7498.24 7495.15 7492.17 7489.33 7486.69 7484.3 7482.23 7480.54 7479.28 7478.5 7478.24 7478.5 7479.28 7480.54 7482.23 7484.3 7486.69 7489.33 7492.17 7495.15 7498.24 7501.36 7504.5 7507.58 7510.56 7513.38 7515.96 7518.24 7520.13 7521.55 7522.43 7522.73 7522.43 7521.55 7520.13 7518.24 7515.96 7513.38 7510.56 7507.58 7504.5 7501.36 
7501.32 7498.24 7495.3 7492.54 7490.01 7487.76 7485.83 7484.27 7483.12 7482.42 7482.18 7482.42 7483.12 7484.27 7485.83 7487.76 7490.01 7492.54 7495.3 7498.24 7501.32 7504.5 7507.73 7510.97 7514.15 7517.21 7520.07 7522.64 7524.8 7526.45 7527.48 7527.84 7527.48 7526.45 7524.8 7522.64 7520.07 7517.21 7514.15 7510.97 7507.73 7504.5 
7504.3 7501.18 7498.24 7495.52 7493.06 7490.89 7489.06 7487.58 7486.51 7485.85 7485.63 7485.85 7486.51 7487.58 7489.06 7490.89 7493.06 7495.52 7498.24 7501.18 7504.3 7507.58 7510.97 7514.42 7517.88 7521.27 7524.5 7527.46 7530 7531.98 7533.24 7533.67 7533.24 7531.98 7530 7527.46 7524.5 7521.27 7517.88 7514.42 7510.97 7507.58 
7507.14 7503.93 7500.95 7498.24 7495.8 7493.69 7491.91 7490.49 7489.46 7488.84 7488.63 7488.84 7489.46 7490.49 7491.91 7493.69 7495.8 7498.24 7500.95 7503.93 7507.14 7510.56 7514.15 7517.88 7521.68 7525.5 7529.22 7532.71 7535.8 7538.25 7539.85 7540.4 7539.85 7538.25 7535.8 7532.71 7529.22 7525.5 7521.68 7517.88 7514.15 7510.56 
7509.79 7506.46 7503.41 7500.67 7498.24 7496.14 7494.39 7493.01 7492.01 7491.4 7491.2 7491.4 7492.01 7493.01 7494.39 7496.14 7498.24 7500.67 7503.41 7506.46 7509.79 7513.38 7517.21 7521.27 7525.5 7529.84 7534.2 7538.41 7542.24 7545.4 7547.52 7548.28 7547.52 7545.4 7542.24 7538.41 7534.2 7529.84 7525.5 7521.27 7517.21 7513.38 
7512.17 7508.71 7505.58 7502.79 7500.33 7498.24 7496.5 7495.13 7494.15 7493.56 7493.36 7493.56 7494.15 7495.13 7496.5 7498.24 7500.33 7502.79 7505.58 7508.71 7512.17 7515.96 7520.07 7524.5 7529.22 7534.2 7539.34 7544.5 7549.4 7553.62 7556.59 7557.69 7556.59 7553.62 7549.4 7544.5 7539.34 7534.2 7529.22 7524.5 7520.07 7515.96 
7514.25 7510.64 7507.42 7504.57 7502.08 7499.97 7498.24 7496.88 7495.9 7495.32 7495.12 7495.32 7495.9 7496.88 7498.24 7499.97 7502.08 7504.57 7507.42 7510.64 7514.25 7518.24 7522.64 7527.46 7532.71 7538.41 7544.5 7550.87 7557.26 7563.13 7567.56 7569.33 7567.56 7563.13 7557.26 7550.87 7544.5 7538.41 7532.71 7527.46 7522.64 7518.24 
7515.94 7512.2 7508.89 7505.98 7503.47 7501.34 7499.59 7498.24 7497.26 7496.68 7496.48 7496.68 7497.26 7498.24 7499.59 7501.34 7503.47 7505.98 7508.89 7512.2 7515.94 7520.13 7524.8 7530 7535.8 7542.24 7549.4 7557.26 7565.68 7574.11 7581.24 7584.54 7581.24 7574.11 7565.68 7557.26 7549.4 7542.24 7535.8 7530 7524.8 7520.13 
7517.2 7513.36 7509.97 7507.01 7504.47 7502.32 7500.57 7499.21 7498.24 7497.65 7497.46 7497.65 7498.24 7499.21 7500.57 7502.32 7504.47 7507.01 7509.97 7513.36 7517.2 7521.55 7526.45 7531.98 7538.25 7545.4 7553.62 7563.13 7574.11 7586.44 7598.79 7606.39 7598.79 7586.44 7574.11 7563.13 7553.62 7545.4 7538.25 7531.98 7526.45 7521.55 
7517.98 7514.06 7510.63 7507.64 7505.07 7502.91 7501.16 7499.79 7498.82 7498.24 7498.04 7498.24 7498.82 7499.79 7501.16 7502.91 7505.07 7507.64 7510.63 7514.06 7517.98 7522.43 7527.48 7533.24 7539.85 7547.52 7556.59 7567.56 7581.24 7598.79 7621.13 7643.51 7621.13 7598.79 7581.24 7567.56 7556.59 7547.52 7539.85 7533.24 7527.48 7522.43 
7518.24 7514.3 7510.85 7507.85 7505.27 7503.11 7501.35 7499.99 7499.01 7498.43 7498.24 7498.43 7499.01 7499.99 7501.35 7503.11 7505.27 7507.85 7510.85 7514.3 7518.24 7522.73 7527.84 7533.67 7540.4 7548.28 7557.69 7569.33 7584.54 7606.39 7643.51 7725.57 7643.51 7606.39 7584.54 7569.33 7557.69 7548.28 7540.4 7533.67 7527.84 7522.73 
7517.98 7514.06 7510.63 7507.64 7505.07 7502.91 7501.16 7499.79 7498.82 7498.24 7498.04 7498.24 7498.82 7499.79 7501.16 7502.91 7505.07 7507.64 7510.63 7514.06 7517.98 7522.43 7527.48 7533.24 7539.85 7547.52 7556.59 7567.56 7581.24 7598.79 7621.13 7643.51 7621.13 7598.79 7581.24 7567.56 7556.59 7547.52 7539.85 7533.24 7527.48 7522.43 
7517.2 7513.36 7509.97 7507.01 7504.47 7502.32 7500.57 7499.21 7498.24 7497.65 7497.46 7497.65 7498.24 7499.21 7500.57 7502.32 7504.47 7507.01 7509.97 7513.36 7517.2 7521.55 7526.45 7531.98 7538.25 7545.4 7553.62 7563.13 7574.11 7586.44 7598.79 7606.39 7598.79 7586.44 7574.11 7563.13 7553.62 7545.4 7538.25 7531.98 7526.45 7521.55 
7515.94 7512.2 7508.89 7505.98 7503.47 7501.34 7499.59 7498.24 7497.26 7496.68 7496.48 7496.68 7497.26 7498.24 7499.59 7501.34 7503.47 7505.98 7508.89 7512.2 7515.94 7520.13 7524.8 7530 7535.8 7542.24 7549.4 7557.26 7565.68 7574.11 7581.24 7584.54 7581.24 7574.11 7565.68 7557.26 7549.4 7542.24 7535.8 7530 7524.8 7520.13 
7514.25 7510.64 7507.42 7504.57 7502.08 7499.97 7498.24 7496.88 7495.9 7495.32 7495.12 7495.32 7495.9 7496.88 7498.24 7499.97 7502.08 7504.57 7507.42 7510.64 7514.25 7518.24 7522.64 7527.46 7532.71 7538.41 7544.5 7550.87 7557.26 7563.13 7567.56 7569.33 7567.56 7563.13 7557.26 7550.87 7544.5 7538.41 7532.71 7527.46 7522.64 7518.24 
7512.17 7508.71 7505.58 7502.79 7500.33 7498.24 7496.5 7495.13 7494.15 7493.56 7493.36 7493.56 7494.15 7495.13 7496.5 7498.24 7500.33 7502.79 7505.58 7508.71 7512.17 7515.96 7520.07 7524.5 7529.22 7534.2 7539.34 7544.5 7549.4 7553.62 7556.59 7557.69 7556.59 7553.62 7549.4 7544.5 7539.34 7534.2 7529.22 7524.5 7520.07 7515.96 
7509.79 7506.46 7503.41 7500.67 7498.24 7496.14 7494.39 7493.01 7492.01 7491.4 7491.2 7491.4 7492.01 7493.01 7494.39 7496.14 7498.24 7500.67 7503.41 7506.46 7509.79 7513.38 7517.21 7521.27 7525.5 7529.84 7534.2 7538.41 7542.24 7545.4 7547.52 7548.28 7547.52 7545.4 7542.24 7538.41 7534.2 7529.84 7525.5 7521.27 7517.21 7513.38 
7507.14 7503.93 7500.95 7498.24 7495.8 7493.69 7491.91 7490.49 7489.46 7488.84 7488.63 7488.84 7489.46 7490.49 7491.91 7493.69 7495.8 7498.24 7500.95 7503.93 7507.14 7510.56 7514.15 7517.88 7521.68 7525.5 7529.22 7532.71 7535.8 7538.25 7539.85 7540.4 7539.85 7538.25 7535.8 7532.71 7529.22 7525.5 7521.68 7517.88 7514.15 7510.56 
7504.3 7501.18 7498.24 7495.52 7493.06 7490.89 7489.06 7487.58 7486.51 7485.85 7485.63 7485.85 7486.51 7487.58 7489.06 7490.89 7493.06 7495.52 7498.24 7501.18 7504.3 7507.58 7510.97 7514.42 7517.88 7521.27 7524.5 7527.46 7530 7531.98 7533.24 7533.67 7533.24 7531.98 7530 7527.46 7524.5 7521.27 7517.88 7514.42 7510.97 7507.58 
7501.32 7498.24 7495.3 7492.54 7490.01 7487.76 7485.83 7484.27 7483.12 7482.42 7482.18 7482.42 7483.12 7484.27 7485.83 7487.76 7490.01 7492.54 7495.3 7498.24 7501.32 7504.5 7507.73 7510.97 7514.15 7517.21 7520.07 7522.64 7524.8 7526.45 7527.48 7527.84 7527.48 7526.45 7524.8 7522.64 7520.07 7517.21 7514.15 7510.97 7507.73 7504.5 
7498.24 7495.15 7492.17 7489.33 7486.69 7484.3 7482.23 7480.54 7479.28 7478.5 7478.24 7478.5 7479.28 7480.54 7482.23 7484.3 7486.69 7489.33 7492.17 7495.15 7498.24 7501.36 7504.5 7507.58 7510.56 7513.38 7515.96 7518.24 7520.13 7521.55 7522.43 7522.73 7522.43 7521.55 7520.13 7518.24 7515.96 7513.38 7510.56 7507.58 7504.5 7501.36 
