7495.81 7493.37 7490.96 7488.61 7486.38 7484.31 7482.47 7480.93 7479.77 7479.04 7478.8 7479.04 7479.77 7480.93 7482.47 7484.31 7486.38 7488.61 7490.96 7493.37 7495.81 7498.24 7500.63 7502.94 7505.15 7507.22 7509.09 7510.73 7512.07 7513.08 7513.7 7513.91 7513.7 7513.08 7512.07 7510.73 7509.09 7507.22 7505.15 7502.94 7500.63 7498.24 
7493.37 7490.84 7488.27 7485.72 7483.24 7480.89 7478.77 7476.96 7475.57 7474.69 7474.39 7474.69 7475.57 7476.96 7478.77 7480.89 7483.24 7485.72 7488.27 7490.84 7493.37 7495.85 7498.24 7500.51 7502.64 7504.58 7506.32 7507.82 7509.03 7509.93 7510.48 7510.66 7510.48 7509.93 7509.03 7507.82 7506.32 7504.58 7502.64 7500.51 7498.24 7495.85 
7490.96 7488.27 7485.49 7482.67 7479.86 7477.14 7474.62 7472.44 7470.72 7469.62 7469.23 7469.62 7470.72 7472.44 7474.62 7477.14 7479.86 7482.67 7485.49 7488.27 7490.96 7493.54 7495.97 7498.24 7500.33 7502.21 7503.86 7505.26 7506.39 7507.21 7507.71 7507.88 7507.71 7507.21 7506.39 7505.26 7503.86 7502.21 7500.33 7498.24 7495.97 7493.54 
7488.61 7485.72 7482.67 7479.49 7476.26 7473.06 7470.01 7467.28 7465.09 7463.65 7463.15 7463.65 7465.09 7467.28 7470.01 7473.06 7476.26 7479.49 7482.67 7485.72 7488.61 7491.33 7493.85 7496.15 7498.24 7500.09 7501.7 7503.04 7504.11 7504.88 7505.35 7505.51 7505.35 7504.88 7504.11 7503.04 7501.7 7500.09 7498.24 7496.15 7493.85 7491.33 
7486.38 7483.24 7479.86 7476.26 7472.51 7468.67 7464.91 7461.43 7458.54 7456.58 7455.88 7456.58 7458.54 7461.43 7464.91 7468.67 7472.51 7476.26 7479.86 7483.24 7486.38 7489.27 7491.9 7494.27 7496.39 7498.24 7499.83 7501.14 7502.17 7502.92 7503.37 7503.52 7503.37 7502.92 7502.17 7501.14 7499.83 7498.24 7496.39 7494.27 7491.9 7489.27 
7484.31 7480.89 7477.14 7473.06 7468.67 7464.05 7459.35 7454.81 7450.85 7448.05 7447.01 7448.05 7450.85 7454.81 7459.35 7464.05 7468.67 7473.06 7477.14 7480.89 7484.31 7487.39 7490.16 7492.62 7494.78 7496.66 7498.24 7499.54 7500.56 7501.29 7501.72 7501.87 7501.72 7501.29 7500.56 7499.54 7498.24 7496.66 7494.78 7492.62 7490.16 7487.39 
7482.47 7478.77 7474.62 7470.01 7464.91 7459.35 7453.43 7447.41 7441.81 7437.55 7435.85 7437.55 7441.81 7447.41 7453.43 7459.35 7464.91 7470.01 7474.62 7478.77 7482.47 7485.76 7488.67 7491.22 7493.44 7495.34 7496.94 7498.24 7499.25 7499.97 7500.4 7500.55 7500.4 7499.97 7499.25 7498.24 7496.94 7495.34 7493.44 7491.22 7488.67 7485.76 
7480.93 7476.96 7472.44 7467.28 7461.43 7454.81 7447.41 7439.37 7431.22 7424.28 7421.05 7424.28 7431.22 7439.37 7447.41 7454.81 7461.43 7467.28 7472.44 7476.96 7480.93 7484.41 7487.46 7490.1 7492.38 7494.31 7495.93 7497.23 7498.24 7498.96 7499.39 7499.53 7499.39 7498.96 7498.24 7497.23 7495.93 7494.31 7492.38 7490.1 7487.46 7484.41 
7479.77 7475.57 7470.72 7465.09 7458.54 7450.85 7441.81 7431.22 7419.21 7407.08 7399.58 7407.08 7419.21 7431.22 7441.81 7450.85 7458.54 7465.09 7470.72 7475.57 7479.77 7483.41 7486.56 7489.28 7491.6 7493.57 7495.2 7496.52 7497.53 7498.24 7498.67 7498.81 7498.67 7498.24 7497.53 7496.52 7495.2 7493.57 7491.6 7489.28 7486.56 7483.41 
7479.04 7474.69 7469.62 7463.65 7456.58 7448.05 7437.55 7424.28 7407.08 7385.03 7362.87 7385.03 7407.08 7424.28 7437.55 7448.05 7456.58 7463.65 7469.62 7474.69 7479.04 7482.79 7486.01 7488.78 7491.13 7493.12 7494.76 7496.08 7497.1 7497.82 7498.24 7498.39 7498.24 7497.82 7497.1 7496.08 7494.76 7493.12 7491.13 7488.78 7486.01 7482.79 
7478.8 7474.39 7469.23 7463.15 7455.88 7447.01 7435.85 7421.05 7399.58 7362.87 7281.73 7362.87 7399.58 7421.05 7435.85 7447.01 7455.88 7463.15 7469.23 7474.39 7478.8 7482.58 7485.82 7488.61 7490.98 7492.97 7494.62 7495.94 7496.96 7497.67 7498.1 7498.24 7498.1 7497.67 7496.96 7495.94 7494.62 7492.97 7490.98 7488.61 7485.82 7482.58 
7479.04 7474.69 7469.62 7463.65 7456.58 7448.05 7437.55 7424.28 7407.08 7385.03 7362.87 7385.03 7407.08 7424.28 7437.55 7448.05 7456.58 7463.65 7469.62 7474.69 7479.04 7482.79 7486.01 7488.78 7491.13 7493.12 7494.76 7496.08 7497.1 7497.82 7498.24 7498.39 7498.24 7497.82 7497.1 7496.08 7494.76 7493.12 7491.13 7488.78 7486.01 7482.79 
7479.77 7475.57 7470.72 7465.09 7458.54 7450.85 7441.81 7431.22 7419.21 7407.08 7399.58 7407.08 7419.21 7431.22 7441.81 7450.85 7458.54 7465.09 7470.72 7475.57 7479.77 7483.41 7486.56 7489.28 7491.6 7493.57 7495.2 7496.52 7497.53 7498.24 7498.67 7498.81 7498.67 7498.24 7497.53 7496.52 7495.2 7493.57 7491.6 7489.28 7486.56 7483.41 
7480.93 7476.96 7472.44 7467.28 7461.43 7454.81 7447.41 7439.37 7431.22 7424.28 7421.05 7424.28 7431.22 7439.37 7447.41 7454.81 7461.43 7467.28 7472.44 7476.96 7480.93 7484.41 7487.46 7490.1 7492.38 7494.31 7495.93 7497.23 7498.24 7498.96 7499.39 7499.53 7499.39 7498.96 7498.24 7497.23 7495.93 7494.31 7492.38 7490.1 7487.46 7484.41 
7482.47 7478.77 7474.62 7470.01 7464.91 7459.35 7453.43 7447.41 7441.81 7437.55 7435.85 7437.55 7441.81 7447.41 7453.43 7459.35 7464.91 7470.01 7474.62 7478.77 7482.47 7485.76 7488.67 7491.22 7493.44 7495.34 7496.94 7498.24 7499.25 7499.97 7500.4 7500.55 7500.4 7499.97 7499.25 7498.24 7496.94 7495.34 7493.44 7491.22 7488.67 7485.76 
7484.31 7480.89 7477.14 7473.06 7468.67 7464.05 7459.35 7454.81 7450.85 7448.05 7447.01 7448.05 7450.85 7454.81 7459.35 7464.05 7468.67 7473.06 7477.14 7480.89 7484.31 7487.39 7490.16 7492.62 7494.78 7496.66 7498.24 7499.54 7500.56 7501.29 7501.72 7501.87 7501.72 7501.29 7500.56 7499.54 7498.24 7496.66 7494.78 7492.62 7490.16 7487.39 
7486.38 7483.24 7479.86 7476.26 7472.51 7468.67 7464.91 7461.43 7458.54 7456.58 7455.88 7456.58 7458.54 7461.43 7464.91 7468.67 7472.51 7476.26 7479.86 7483.24 7486.38 7489.27 7491.9 7494.27 7496.39 7498.24 7499.83 7501.14 7502.17 7502.92 7503.37 7503.52 7503.37 7502.92 7502.17 7501.14 7499.83 7498.24 7496.39 7494.27 7491.9 7489.27 
7488.61 7485.72 7482.67 7479.49 7476.26 7473.06 7470.01 7467.28 7465.09 7463.65 7463.15 7463.65 7465.09 7467.28 7470.01 7473.06 7476.26 7479.49 7482.67 7485.72 7488.61 7491.33 7493.85 7496.15 7498.24 7500.09 7501.7 7503.04 7504.11 7504.88 7505.35 7505.51 7505.35 7504.88 7504.11 7503.04 7501.7 7500.09 7498.24 7496.15 7493.85 7491.33 
7490.96 7488.27 7485.49 7482.67 7479.86 7477.14 7474.62 7472.44 7470.72 7469.62 7469.23 7469.62 7470.72 7472.44 7474.62 7477.14 7479.86 7482.67 7485.49 7488.27 7490.96 7493.54 7495.97 7498.24 7500.33 7502.21 7503.86 7505.26 7506.39 7507.21 7507.71 7507.88 7507.71 7507.21 7506.39 7505.26 7503.86 7502.21 7500.33 7498.24 7495.97 7493.54 
7493.37 7490.84 7488.27 7485.72 7483.24 7480.89 7478.77 7476.96 7475.57 7474.69 7474.39 7474.69 7475.57 7476.96 7478.77 7480.89 7483.24 7485.72 7488.27 7490.84 7493.37 7495.85 7498.24 7500.51 7502.64 7504.58 7506.32 7507.82 7509.03 7509.93 7510.48 7510.66 7510.48 7509.93 7509.03 7507.82 7506.32 7504.58 7502.64 7500.51 7498.24 7495.85 
7495.81 7493.37 7490.96 7488.61 7486.38 7484.31 7482.47 7480.93 7479.77 7479.04 7478.8 7479.04 7479.77 7480.93 7482.47 7484.31 7486.38 7488.61 7490.96 7493.37 7495.81 7498.24 7500.63 7502.94 7505.15 7507.22 7509.09 7510.73 7512.07 7513.08 7513.7 7513.91 7513.7 7513.08 7512.07 7510.73 7509.09 7507.22 7505.15 7502.94 7500.63 7498.24 
7498.24 7495.85 7493.54 7491.33 7489.27 7487.39 7485.76 7484.41 7483.41 7482.79 7482.58 7482.79 7483.41 7484.41 7485.76 7487.39 7489.27 7491.33 7493.54 7495.85 7498.24 7500.67 7503.11 7505.52 7507.87 7510.11 7512.18 7514.02 7515.55 7516.72 7517.44 7517.69 7517.44 7516.72 7515.55 7514.02 7512.18 7510.11 7507.87 7505.52 7503.11 7500.67 
7500.63 7498.24 7495.97 7493.85 7491.9 7490.16 7488.67 7487.46 7486.56 7486.01 7485.82 7486.01 7486.56 7487.46 7488.67 7490.16 7491.9 7493.85 7495.97 7498.24 7500.63 7503.11 7505.65 7508.21 7510.77 7513.25 7515.59 7517.72 7519.53 7520.92 7521.8 7522.1 7521.8 7520.92 7519.53 7517.72 7515.59 7513.25 7510.77 7508.21 7505.65 7503.11 
7502.94 7500.51 7498.24 7496.15 7494.27 7492.62 7491.22 7490.1 7489.28 7488.78 7488.61 7488.78 7489.28 7490.1 7491.22 7492.62 7494.27 7496.15 7498.24 7500.51 7502.94 7505.52 7508.21 7510.99 7513.82 7516.63 7519.35 7521.87 7524.06 7525.78 7526.88 7527.26 7526.88 7525.78 7524.06 7521.87 7519.35 7516.63 7513.82 7510.99 7508.21 7505.52 
7505.15 7502.64 7500.33 7498.24 7496.39 7494.78 7493.44 7492.38 7491.6 7491.13 7490.98 7491.13 7491.6 7492.38 7493.44 7494.78 7496.39 7498.24 7500.33 7502.64 7505.15 7507.87 7510.77 7513.82 7516.99 7520.23 7523.43 7526.49 7529.22 7531.41 7532.85 7533.36 7532.85 7531.41 7529.22 7526.49 7523.43 7520.23 7516.99 7513.82 7510.77 7507.87 
7507.22 7504.58 7502.21 7500.09 7498.24 7496.66 7495.34 7494.31 7493.57 7493.12 7492.97 7493.12 7493.57 7494.31 7495.34 7496.66 7498.24 7500.09 7502.21 7504.58 7507.22 7510.11 7513.25 7516.63 7520.23 7523.99 7527.82 7531.59 7535.08 7537.98 7539.94 7540.64 7539.94 7537.98 7535.08 7531.59 7527.82 7523.99 7520.23 7516.63 7513.25 7510.11 
7509.09 7506.32 7503.86 7501.7 7499.83 7498.24 7496.94 7495.93 7495.2 7494.76 7494.62 7494.76 7495.2 7495.93 7496.94 7498.24 7499.83 7501.7 7503.86 7506.32 7509.09 7512.18 7515.59 7519.35 7523.43 7527.82 7532.45 7537.17 7541.71 7545.68 7548.49 7549.53 7548.49 7545.68 7541.71 7537.17 7532.45 7527.82 7523.43 7519.35 7515.59 7512.18 
7510.73 7507.82 7505.26 7503.04 7501.14 7499.54 7498.24 7497.23 7496.52 7496.08 7495.94 7496.08 7496.52 7497.23 7498.24 7499.54 7501.14 7503.04 7505.26 7507.82 7510.73 7514.02 7517.72 7521.87 7526.49 7531.59 7537.17 7543.1 7549.13 7554.74 7559.02 7560.73 7559.02 7554.74 7549.13 7543.1 7537.17 7531.59 7526.49 7521.87 7517.72 7514.02 
7512.07 7509.03 7506.39 7504.11 7502.17 7500.56 7499.25 7498.24 7497.53 7497.1 7496.96 7497.1 7497.53 7498.24 7499.25 7500.56 7502.17 7504.11 7506.39 7509.03 7512.07 7515.55 7519.53 7524.06 7529.22 7535.08 7541.71 7549.13 7557.19 7565.37 7572.34 7575.58 7572.34 7565.37 7557.19 7549.13 7541.71 7535.08 7529.22 7524.06 7519.53 7515.55 
7513.08 7509.93 7507.21 7504.88 7502.92 7501.29 7499.97 7498.96 7498.24 7497.82 7497.67 7497.82 7498.24 7498.96 7499.97 7501.29 7502.92 7504.88 7507.21 7509.93 7513.08 7516.72 7520.92 7525.78 7531.41 7537.98 7545.68 7554.74 7565.37 7577.43 7589.62 7597.16 7589.62 7577.43 7565.37 7554.74 7545.68 7537.98 7531.41 7525.78 7520.92 7516.72 
7513.7 7510.48 7507.71 7505.35 7503.37 7501.72 7500.4 7499.39 7498.67 7498.24 7498.1 7498.24 7498.67 7499.39 7500.4 7501.72 7503.37 7505.35 7507.71 7510.48 7513.7 7517.44 7521.8 7526.88 7532.85 7539.94 7548.49 7559.02 7572.34 7589.62 7611.8 7634.11 7611.8 7589.62 7572.34 7559.02 7548.49 7539.94 7532.85 7526.88 7521.8 7517.44 
7513.91 7510.66 7507.88 7505.51 7503.52 7501.87 7500.55 7499.53 7498.81 7498.39 7498.24 7498.39 7498.81 7499.53 7500.55 7501.87 7503.52 7505.51 7507.88 7510.66 7513.91 7517.69 7522.1 7527.26 7533.36 7540.64 7549.53 7560.73 7575.58 7597.16 7634.11 7716.09 7634.11 7597.16 7575.58 7560.73 7549.53 7540.64 7533.36 7527.26 7522.1 7517.69 
7513.7 7510.48 7507.71 7505.35 7503.37 7501.72 7500.4 7499.39 7498.67 7498.24 7498.1 7498.24 7498.67 7499.39 7500.4 7501.72 7503.37 7505.35 7507.71 7510.48 7513.7 7517.44 7521.8 7526.88 7532.85 7539.94 7548.49 7559.02 7572.34 7589.62 7611.8 7634.11 7611.8 7589.62 7572.34 7559.02 7548.49 7539.94 7532.85 7526.88 7521.8 7517.44 
7513.08 7509.93 7507.21 7504.88 7502.92 7501.29 7499.97 7498.96 7498.24 7497.82 7497.67 7497.82 7498.24 7498.96 7499.97 7501.29 7502.92 7504.88 7507.21 7509.93 7513.08 7516.72 7520.92 7525.78 7531.41 7537.98 7545.68 7554.74 7565.37 7577.43 7589.62 7597.16 7589.62 7577.43 7565.37 7554.74 7545.68 7537.98 7531.41 7525.78 7520.92 7516.72 
7512.07 7509.03 7506.39 7504.11 7502.17 7500.56 7499.25 7498.24 7497.53 7497.1 7496.96 7497.1 7497.53 7498.24 7499.25 7500.56 7502.17 7504.11 7506.39 7509.03 7512.07 7515.55 7519.53 7524.06 7529.22 7535.08 7541.71 7549.13 7557.19 7565.37 7572.34 7575.58 7572.34 7565.37 7557.19 7549.13 7541.71 7535.08 7529.22 7524.06 7519.53 7515.55 
7510.73 7507.82 7505.26 7503.04 7501.14 7499.54 7498.24 7497.23 7496.52 7496.08 7495.94 7496.08 7496.52 7497.23 7498.24 7499.54 7501.14 7503.04 7505.26 7507.82 7510.73 7514.02 7517.72 7521.87 7526.49 7531.59 7537.17 7543.1 7549.13 7554.74 7559.02 7560.73 7559.02 7554.74 7549.13 7543.1 7537.17 7531.59 7526.49 7521.87 7517.72 7514.02 
7509.09 7506.32 7503.86 7501.7 7499.83 7498.24 7496.94 7495.93 7495.2 7494.76 7494.62 7494.76 7495.2 7495.93 7496.94 7498.24 7499.83 7501.7 7503.86 7506.32 7509.09 7512.18 7515.59 7519.35 7523.43 7527.82 7532.45 7537.17 7541.71 7545.68 7548.49 7549.53 7548.49 7545.68 7541.71 7537.17 7532.45 7527.82 7523.43 7519.35 7515.59 7512.18 
7507.22 7504.58 7502.21 7500.09 7498.24 7496.66 7495.34 7494.31 7493.57 7493.12 7492.97 7493.12 7493.57 7494.31 7495.34 7496.66 7498.24 7500.09 7502.21 7504.58 7507.22 7510.11 7513.25 7516.63 7520.23 7523.99 7527.82 7531.59 7535.08 7537.98 7539.94 7540.64 7539.94 7537.98 7535.08 7531.59 7527.82 7523.99 7520.23 7516.63 7513.25 7510.11 
7505.15 7502.64 7500.33 7498.24 7496.39 7494.78 7493.44 7492.38 7491.6 7491.13 7490.98 7491.13 7491.6 7492.38 7493.44 7494.78 7496.39 7498.24 7500.33 7502.64 7505.15 7507.87 7510.77 7513.82 7516.99 7520.23 7523.43 7526.49 7529.22 7531.41 7532.85 7533.36 7532.85 7531.41 7529.22 7526.49 7523.43 7520.23 7516.99 7513.82 7510.77 7507.87 
7502.94 7500.51 7498.24 7496.15 7494.27 7492.62 7491.22 7490.1 7489.28 7488.78 7488.61 7488.78 7489.28 7490.1 7491.22 7492.62 7494.27 7496.15 7498.24 7500.51 7502.94 7505.52 7508.21 7510.99 7513.82 7516.63 7519.35 7521.87 7524.06 7525.78 7526.88 7527.26 7526.88 7525.78 7524.06 7521.87 7519.35 7516.63 7513.82 7510.99 7508.21 7505.52 
7500.63 7498.24 7495.97 7493.85 7491.9 7490.16 7488.67 7487.46 7486.56 7486.01 7485.82 7486.01 7486.56 7487.46 7488.67 7490.16 7491.9 7493.85 7495.97 7498.24 7500.63 7503.11 7505.65 7508.21 7510.77 7513.25 7515.59 7517.72 7519.53 7520.92 7521.8 7522.1 7521.8 7520.92 7519.53 7517.72 7515.59 7513.25 7510.77 7508.21 7505.65 7503.11 
7498.24 7495.85 7493.54 7491.33 7489.27 7487.39 7485.76 7484.41 7483.41 7482.79 7482.58 7482.79 7483.41 7484.41 7485.76 7487.39 7489.27 7491.33 7493.54 7495.85 7498.24 7500.67 7503.11 7505.52 7507.87 7510.11 7512.18 7514.02 7515.55 7516.72 7517.44 7517.69 7517.44 7516.72 7515.55 7514.02 7512.18 7510.11 7507.87 7505.52 7503.11 7500.67 
