7494.99 7491.75 7488.56 7485.48 7482.57 7479.9 7477.55 7475.61 7474.15 7473.24 7472.94 7473.24 7474.15 7475.61 7477.55 7479.9 7482.57 7485.48 7488.56 7491.75 7494.99 7498.23 7501.43 7504.52 7507.47 7510.2 7512.67 7514.82 7516.57 7517.87 7518.68 7518.95 7518.68 7517.87 7516.57 7514.82 7512.67 7510.2 7507.47 7504.52 7501.43 7498.23 
7491.75 7488.4 7485.06 7481.77 7478.62 7475.68 7473.05 7470.83 7469.15 7468.09 7467.72 7468.09 7469.15 7470.83 7473.05 7475.68 7478.62 7481.77 7485.06 7488.4 7491.75 7495.04 7498.23 7501.28 7504.14 7506.76 7509.1 7511.1 7512.72 7513.91 7514.65 7514.89 7514.65 7513.91 7512.72 7511.1 7509.1 7506.76 7504.14 7501.28 7498.23 7495.04 
7488.56 7485.06 7481.5 7477.94 7474.46 7471.15 7468.13 7465.53 7463.52 7462.23 7461.79 7462.23 7463.52 7465.53 7468.13 7471.15 7474.46 7477.94 7481.5 7485.06 7488.56 7491.95 7495.19 7498.23 7501.05 7503.61 7505.86 7507.77 7509.3 7510.42 7511.1 7511.33 7511.1 7510.42 7509.3 7507.77 7505.86 7503.61 7501.05 7498.23 7495.19 7491.95 
7485.48 7481.77 7477.94 7474.04 7470.14 7466.33 7462.78 7459.64 7457.16 7455.54 7454.97 7455.54 7457.16 7459.64 7462.78 7466.33 7470.14 7474.04 7477.94 7481.77 7485.48 7489 7492.33 7495.41 7498.23 7500.76 7502.96 7504.81 7506.29 7507.36 7508.01 7508.23 7508.01 7507.36 7506.29 7504.81 7502.96 7500.76 7498.23 7495.41 7492.33 7489 
7482.57 7478.62 7474.46 7470.14 7465.7 7461.28 7457 7453.12 7449.93 7447.79 7447.03 7447.79 7449.93 7453.12 7457 7461.28 7465.7 7470.14 7474.46 7478.62 7482.57 7486.27 7489.71 7492.86 7495.71 7498.23 7500.42 7502.24 7503.68 7504.72 7505.35 7505.56 7505.35 7504.72 7503.68 7502.24 7500.42 7498.23 7495.71 7492.86 7489.71 7486.27 
7479.9 7475.68 7471.15 7466.33 7461.28 7456.06 7450.84 7445.9 7441.65 7438.66 7437.56 7438.66 7441.65 7445.9 7450.84 7456.06 7461.28 7466.33 7471.15 7475.68 7479.9 7483.8 7487.37 7490.61 7493.51 7496.05 7498.23 7500.04 7501.46 7502.49 7503.11 7503.31 7503.11 7502.49 7501.46 7500.04 7498.23 7496.05 7493.51 7490.61 7487.37 7483.8 
7477.55 7473.05 7468.13 7462.78 7457 7450.84 7444.42 7437.99 7432.1 7427.66 7425.89 7427.66 7432.1 7437.99 7444.42 7450.84 7457 7462.78 7468.13 7473.05 7477.55 7481.66 7485.37 7488.7 7491.66 7494.23 7496.43 7498.23 7499.65 7500.67 7501.28 7501.48 7501.28 7500.67 7499.65 7498.23 7496.43 7494.23 7491.66 7488.7 7485.37 7481.66 
7475.61 7470.83 7465.53 7459.64 7453.12 7445.9 7437.99 7429.55 7421.11 7413.99 7410.7 7413.99 7421.11 7429.55 7437.99 7445.9 7453.12 7459.64 7465.53 7470.83 7475.61 7479.91 7483.75 7487.17 7490.18 7492.79 7495 7496.82 7498.23 7499.25 7499.86 7500.06 7499.86 7499.25 7498.23 7496.82 7495 7492.79 7490.18 7487.17 7483.75 7479.91 
7474.15 7469.15 7463.52 7457.16 7449.93 7441.65 7432.1 7421.11 7408.8 7396.49 7388.93 7396.49 7408.8 7421.11 7432.1 7441.65 7449.93 7457.16 7463.52 7469.15 7474.15 7478.61 7482.56 7486.06 7489.11 7491.75 7493.98 7495.8 7497.22 7498.23 7498.84 7499.05 7498.84 7498.23 7497.22 7495.8 7493.98 7491.75 7489.11 7486.06 7482.56 7478.61 
7473.24 7468.09 7462.23 7455.54 7447.79 7438.66 7427.66 7413.99 7396.49 7374.27 7352.06 7374.27 7396.49 7413.99 7427.66 7438.66 7447.79 7455.54 7462.23 7468.09 7473.24 7477.8 7481.83 7485.37 7488.46 7491.12 7493.36 7495.19 7496.61 7497.63 7498.23 7498.44 7498.23 7497.63 7496.61 7495.19 7493.36 7491.12 7488.46 7485.37 7481.83 7477.8 
7472.94 7467.72 7461.79 7454.97 7447.03 7437.56 7425.89 7410.7 7388.93 7352.06 7270.87 7352.06 7388.93 7410.7 7425.89 7437.56 7447.03 7454.97 7461.79 7467.72 7472.94 7477.53 7481.58 7485.14 7488.25 7490.91 7493.16 7494.99 7496.41 7497.42 7498.03 7498.23 7498.03 7497.42 7496.41 7494.99 7493.16 7490.91 7488.25 7485.14 7481.58 7477.53 
7473.24 7468.09 7462.23 7455.54 7447.79 7438.66 7427.66 7413.99 7396.49 7374.27 7352.06 7374.27 7396.49 7413.99 7427.66 7438.66 7447.79 7455.54 7462.23 7468.09 7473.24 7477.8 7481.83 7485.37 7488.46 7491.12 7493.36 7495.19 7496.61 7497.63 7498.23 7498.44 7498.23 7497.63 7496.61 7495.19 7493.36 7491.12 7488.46 7485.37 7481.83 7477.8 
7474.15 7469.15 7463.52 7457.16 7449.93 7441.65 7432.1 7421.11 7408.8 7396.49 7388.93 7396.49 7408.8 7421.11 7432.1 7441.65 7449.93 7457.16 7463.52 7469.15 7474.15 7478.61 7482.56 7486.06 7489.11 7491.75 7493.98 7495.8 7497.22 7498.23 7498.84 7499.05 7498.84 7498.23 7497.22 7495.8 7493.98 7491.75 7489.11 7486.06 7482.56 7478.61 
7475.61 7470.83 7465.53 7459.64 7453.12 7445.9 7437.99 7429.55 7421.11 7413.99 7410.7 7413.99 7421.11 7429.55 7437.99 7445.9 7453.12 7459.64 7465.53 7470.83 7475.61 7479.91 7483.75 7487.17 7490.18 7492.79 7495 7496.82 7498.23 7499.25 7499.86 7500.06 7499.86 7499.25 7498.23 7496.82 7495 7492.79 7490.18 7487.17 7483.75 7479.91 
7477.55 7473.05 7468.13 7462.78 7457 7450.84 7444.42 7437.99 7432.1 7427.66 7425.89 7427.66 7432.1 7437.99 7444.42 7450.84 7457 7462.78 7468.13 7473.05 7477.55 7481.66 7485.37 7488.7 7491.66 7494.23 7496.43 7498.23 7499.65 7500.67 7501.28 7501.48 7501.28 7500.67 7499.65 7498.23 7496.43 7494.23 7491.66 7488.7 7485.37 7481.66 
7479.9 7475.68 7471.15 7466.33 7461.28 7456.06 7450.84 7445.9 7441.65 7438.66 7437.56 7438.66 7441.65 7445.9 7450.84 7456.06 7461.28 7466.33 7471.15 7475.68 7479.9 7483.8 7487.37 7490.61 7493.51 7496.05 7498.23 7500.04 7501.46 7502.49 7503.11 7503.31 7503.11 7502.49 7501.46 7500.04 7498.23 7496.05 7493.51 7490.61 7487.37 7483.8 
7482.57 7478.62 7474.46 7470.14 7465.7 7461.28 7457 7453.12 7449.93 7447.79 7447.03 7447.79 7449.93 7453.12 7457 7461.28 7465.7 7470.14 7474.46 7478.62 7482.57 7486.27 7489.71 7492.86 7495.71 7498.23 7500.42 7502.24 7503.68 7504.72 7505.35 7505.56 7505.35 7504.72 7503.68 7502.24 7500.42 7498.23 7495.71 7492.86 7489.71 7486.27 
7485.48 7481.77 7477.94 7474.04 7470.14 7466.33 7462.78 7459.64 7457.16 7455.54 7454.97 7455.54 7457.16 7459.64 7462.78 7466.33 7470.14 7474.04 7477.94 7481.77 7485.48 7489 7492.33 7495.41 7498.23 7500.76 7502.96 7504.81 7506.29 7507.36 7508.01 7508.23 7508.01 7507.36 7506.29 7504.81 7502.96 7500.76 7498.23 7495.41 7492.33 7489 
7488.56 7485.06 7481.5 7477.94 7474.46 7471.15 7468.13 7465.53 7463.52 7462.23 7461.79 7462.23 7463.52 7465.53 7468.13 7471.15 7474.46 7477.94 7481.5 7485.06 7488.56 7491.95 7495.19 7498.23 7501.05 7503.61 7505.86 7507.77 7509.3 7510.42 7511.1 7511.33 7511.1 7510.42 7509.3 7507.77 7505.86 7503.61 7501.05 7498.23 7495.19 7491.95 
7491.75 7488.4 7485.06 7481.77 7478.62 7475.68 7473.05 7470.83 7469.15 7468.09 7467.72 7468.09 7469.15 7470.83 7473.05 7475.68 7478.62 7481.77 7485.06 7488.4 7491.75 7495.04 7498.23 7501.28 7504.14 7506.76 7509.1 7511.1 7512.72 7513.91 7514.65 7514.89 7514.65 7513.91 7512.72 7511.1 7509.1 7506.76 7504.14 7501.28 7498.23 7495.04 
7494.99 7491.75 7488.56 7485.48 7482.57 7479.9 7477.55 7475.61 7474.15 7473.24 7472.94 7473.24 7474.15 7475.61 7477.55 7479.9 7482.57 7485.48 7488.56 7491.75 7494.99 7498.23 7501.43 7504.52 7507.47 7510.2 7512.67 7514.82 7516.57 7517.87 7518.68 7518.95 7518.68 7517.87 7516.57 7514.82 7512.67 7510.2 7507.47 7504.52 7501.43 7498.23 
7498.23 7495.04 7491.95 7489 7486.27 7483.8 7481.66 7479.91 7478.61 7477.8 7477.53 7477.8 7478.61 7479.91 7481.66 7483.8 7486.27 7489 7491.95 7495.04 7498.23 7501.48 7504.72 7507.91 7511 7513.91 7516.58 7518.93 7520.87 7522.33 7523.24 7523.55 7523.24 7522.33 7520.87 7518.93 7516.58 7513.91 7511 7507.91 7504.72 7501.48 
7501.43 7498.23 7495.19 7492.33 7489.71 7487.37 7485.37 7483.75 7482.56 7481.83 7481.58 7481.83 7482.56 7483.75 7485.37 7487.37 7489.71 7492.33 7495.19 7498.23 7501.43 7504.72 7508.07 7511.41 7514.7 7517.86 7520.8 7523.44 7525.66 7527.35 7528.41 7528.77 7528.41 7527.35 7525.66 7523.44 7520.8 7517.86 7514.7 7511.41 7508.07 7504.72 
7504.52 7501.28 7498.23 7495.41 7492.86 7490.61 7488.7 7487.17 7486.06 7485.37 7485.14 7485.37 7486.06 7487.17 7488.7 7490.61 7492.86 7495.41 7498.23 7501.28 7504.52 7507.91 7511.41 7514.97 7518.54 7522.02 7525.34 7528.37 7530.97 7532.99 7534.27 7534.72 7534.27 7532.99 7530.97 7528.37 7525.34 7522.02 7518.54 7514.97 7511.41 7507.91 
7507.47 7504.14 7501.05 7498.23 7495.71 7493.51 7491.66 7490.18 7489.11 7488.46 7488.25 7488.46 7489.11 7490.18 7491.66 7493.51 7495.71 7498.23 7501.05 7504.14 7507.47 7511 7514.7 7518.54 7522.45 7526.36 7530.16 7533.73 7536.87 7539.36 7540.98 7541.55 7540.98 7539.36 7536.87 7533.73 7530.16 7526.36 7522.45 7518.54 7514.7 7511 
7510.2 7506.76 7503.61 7500.76 7498.23 7496.05 7494.23 7492.79 7491.75 7491.12 7490.91 7491.12 7491.75 7492.79 7494.23 7496.05 7498.23 7500.76 7503.61 7506.76 7510.2 7513.91 7517.86 7522.02 7526.36 7530.79 7535.23 7539.51 7543.41 7546.61 7548.75 7549.52 7548.75 7546.61 7543.41 7539.51 7535.23 7530.79 7526.36 7522.02 7517.86 7513.91 
7512.67 7509.1 7505.86 7502.96 7500.42 7498.23 7496.43 7495 7493.98 7493.36 7493.16 7493.36 7493.98 7495 7496.43 7498.23 7500.42 7502.96 7505.86 7509.1 7512.67 7516.58 7520.8 7525.34 7530.16 7535.23 7540.46 7545.69 7550.65 7554.91 7557.91 7559.01 7557.91 7554.91 7550.65 7545.69 7540.46 7535.23 7530.16 7525.34 7520.8 7516.58 
7514.82 7511.1 7507.77 7504.81 7502.24 7500.04 7498.23 7496.82 7495.8 7495.19 7494.99 7495.19 7495.8 7496.82 7498.23 7500.04 7502.24 7504.81 7507.77 7511.1 7514.82 7518.93 7523.44 7528.37 7533.73 7539.51 7545.69 7552.14 7558.58 7564.49 7568.95 7570.73 7568.95 7564.49 7558.58 7552.14 7545.69 7539.51 7533.73 7528.37 7523.44 7518.93 
7516.57 7512.72 7509.3 7506.29 7503.68 7501.46 7499.65 7498.23 7497.22 7496.61 7496.41 7496.61 7497.22 7498.23 7499.65 7501.46 7503.68 7506.29 7509.3 7512.72 7516.57 7520.87 7525.66 7530.97 7536.87 7543.41 7550.65 7558.58 7567.06 7575.53 7582.69 7585.99 7582.69 7575.53 7567.06 7558.58 7550.65 7543.41 7536.87 7530.97 7525.66 7520.87 
7517.87 7513.91 7510.42 7507.36 7504.72 7502.49 7500.67 7499.25 7498.23 7497.63 7497.42 7497.63 7498.23 7499.25 7500.67 7502.49 7504.72 7507.36 7510.42 7513.91 7517.87 7522.33 7527.35 7532.99 7539.36 7546.61 7554.91 7564.49 7575.53 7587.9 7600.28 7607.89 7600.28 7587.9 7575.53 7564.49 7554.91 7546.61 7539.36 7532.99 7527.35 7522.33 
7518.68 7514.65 7511.1 7508.01 7505.35 7503.11 7501.28 7499.86 7498.84 7498.23 7498.03 7498.23 7498.84 7499.86 7501.28 7503.11 7505.35 7508.01 7511.1 7514.65 7518.68 7523.24 7528.41 7534.27 7540.98 7548.75 7557.91 7568.95 7582.69 7600.28 7622.65 7645.03 7622.65 7600.28 7582.69 7568.95 7557.91 7548.75 7540.98 7534.27 7528.41 7523.24 
7518.95 7514.89 7511.33 7508.23 7505.56 7503.31 7501.48 7500.06 7499.05 7498.44 7498.23 7498.44 7499.05 7500.06 7501.48 7503.31 7505.56 7508.23 7511.33 7514.89 7518.95 7523.55 7528.77 7534.72 7541.55 7549.52 7559.01 7570.73 7585.99 7607.89 7645.03 7727.11 7645.03 7607.89 7585.99 7570.73 7559.01 7549.52 7541.55 7534.72 7528.77 7523.55 
7518.68 7514.65 7511.1 7508.01 7505.35 7503.11 7501.28 7499.86 7498.84 7498.23 7498.03 7498.23 7498.84 7499.86 7501.28 7503.11 7505.35 7508.01 7511.1 7514.65 7518.68 7523.24 7528.41 7534.27 7540.98 7548.75 7557.91 7568.95 7582.69 7600.28 7622.65 7645.03 7622.65 7600.28 7582.69 7568.95 7557.91 7548.75 7540.98 7534.27 7528.41 7523.24 
7517.87 7513.91 7510.42 7507.36 7504.72 7502.49 7500.67 7499.25 7498.23 7497.63 7497.42 7497.63 7498.23 7499.25 7500.67 7502.49 7504.72 7507.36 7510.42 7513.91 7517.87 7522.33 7527.35 7532.99 7539.36 7546.61 7554.91 7564.49 7575.53 7587.9 7600.28 7607.89 7600.28 7587.9 7575.53 7564.49 7554.91 7546.61 7539.36 7532.99 7527.35 7522.33 
7516.57 7512.72 7509.3 7506.29 7503.68 7501.46 7499.65 7498.23 7497.22 7496.61 7496.41 7496.61 7497.22 7498.23 7499.65 7501.46 7503.68 7506.29 7509.3 7512.72 7516.57 7520.87 7525.66 7530.97 7536.87 7543.41 7550.65 7558.58 7567.06 7575.53 7582.69 7585.99 7582.69 7575.53 7567.06 7558.58 7550.65 7543.41 7536.87 7530.97 7525.66 7520.87 
7514.82 7511.1 7507.77 7504.81 7502.24 7500.04 7498.23 7496.82 7495.8 7495.19 7494.99 7495.19 7495.8 7496.82 7498.23 7500.04 7502.24 7504.81 7507.77 7511.1 7514.82 7518.93 7523.44 7528.37 7533.73 7539.51 7545.69 7552.14 7558.58 7564.49 7568.95 7570.73 7568.95 7564.49 7558.58 7552.14 7545.69 7539.51 7533.73 7528.37 7523.44 7518.93 
7512.67 7509.1 7505.86 7502.96 7500.42 7498.23 7496.43 7495 7493.98 7493.36 7493.16 7493.36 7493.98 7495 7496.43 7498.23 7500.42 7502.96 7505.86 7509.1 7512.67 7516.58 7520.8 7525.34 7530.16 7535.23 7540.46 7545.69 7550.65 7554.91 7557.91 7559.01 7557.91 7554.91 7550.65 7545.69 7540.46 7535.23 7530.16 7525.34 7520.8 7516.58 
7510.2 7506.76 7503.61 7500.76 7498.23 7496.05 7494.23 7492.79 7491.75 7491.12 7490.91 7491.12 7491.75 7492.79 7494.23 7496.05 7498.23 7500.76 7503.61 7506.76 7510.2 7513.91 7517.86 7522.02 7526.36 7530.79 7535.23 7539.51 7543.41 7546.61 7548.75 7549.52 7548.75 7546.61 7543.41 7539.51 7535.23 7530.79 7526.36 7522.02 7517.86 7513.91 
7507.47 7504.14 7501.05 7498.23 7495.71 7493.51 7491.66 7490.18 7489.11 7488.46 7488.25 7488.46 7489.11 7490.18 7491.66 7493.51 7495.71 7498.23 7501.05 7504.14 7507.47 7511 7514.7 7518.54 7522.45 7526.36 7530.16 7533.73 7536.87 7539.36 7540.98 7541.55 7540.98 7539.36 7536.87 7533.73 7530.16 7526.36 7522.45 7518.54 7514.7 7511 
7504.52 7501.28 7498.23 7495.41 7492.86 7490.61 7488.7 7487.17 7486.06 7485.37 7485.14 7485.37 7486.06 7487.17 7488.7 7490.61 7492.86 7495.41 7498.23 7501.28 7504.52 7507.91 7511.41 7514.97 7518.54 7522.02 7525.34 7528.37 7530.97 7532.99 7534.27 7534.72 7534.27 7532.99 7530.97 7528.37 7525.34 7522.02 7518.54 7514.97 7511.41 7507.91 
7501.43 7498.23 7495.19 7492.33 7489.71 7487.37 7485.37 7483.75 7482.56 7481.83 7481.58 7481.83 7482.56 7483.75 7485.37 7487.37 7489.71 7492.33 7495.19 7498.23 7501.43 7504.72 7508.07 7511.41 7514.7 7517.86 7520.8 7523.44 7525.66 7527.35 7528.41 7528.77 7528.41 7527.35 7525.66 7523.44 7520.8 7517.86 7514.7 7511.41 7508.07 7504.72 
7498.23 7495.04 7491.95 7489 7486.27 7483.8 7481.66 7479.91 7478.61 7477.8 7477.53 7477.8 7478.61 7479.91 7481.66 7483.8 7486.27 7489 7491.95 7495.04 7498.23 7501.48 7504.72 7507.91 7511 7513.91 7516.58 7518.93 7520.87 7522.33 7523.24 7523.55 7523.24 7522.33 7520.87 7518.93 7516.58 7513.91 7511 7507.91 7504.72 7501.48 
