7498.05 7497.83 7497.59 7497.33 7497.05 7496.76 7496.46 7496.19 7495.97 7495.82 7495.77 7495.82 7495.97 7496.19 7496.46 7496.76 7497.05 7497.33 7497.59 7497.83 7498.05 7498.25 7498.45 7498.65 7498.85 7499.06 7499.27 7499.47 7499.65 7499.79 7499.89 7499.92 7499.89 7499.79 7499.65 7499.47 7499.27 7499.06 7498.85 7498.65 7498.45 7498.25 
7497.83 7497.57 7497.27 7496.92 7496.53 7496.11 7495.67 7495.25 7494.9 7494.67 7494.58 7494.67 7494.9 7495.25 7495.67 7496.11 7496.53 7496.92 7497.27 7497.57 7497.83 7498.05 7498.25 7498.43 7498.6 7498.77 7498.92 7499.06 7499.18 7499.28 7499.34 7499.36 7499.34 7499.28 7499.18 7499.06 7498.92 7498.77 7498.6 7498.43 7498.25 7498.05 
7497.59 7497.27 7496.88 7496.4 7495.85 7495.23 7494.57 7493.92 7493.37 7492.99 7492.86 7492.99 7493.37 7493.92 7494.57 7495.23 7495.85 7496.4 7496.88 7497.27 7497.59 7497.85 7498.07 7498.25 7498.41 7498.55 7498.67 7498.77 7498.86 7498.93 7498.97 7498.99 7498.97 7498.93 7498.86 7498.77 7498.67 7498.55 7498.41 7498.25 7498.07 7497.85 
7497.33 7496.92 7496.4 7495.76 7494.97 7494.07 7493.07 7492.07 7491.19 7490.57 7490.35 7490.57 7491.19 7492.07 7493.07 7494.07 7494.97 7495.76 7496.4 7496.92 7497.33 7497.65 7497.9 7498.1 7498.25 7498.38 7498.48 7498.57 7498.64 7498.69 7498.72 7498.73 7498.72 7498.69 7498.64 7498.57 7498.48 7498.38 7498.25 7498.1 7497.9 7497.65 
7497.05 7496.53 7495.85 7494.97 7493.88 7492.57 7491.09 7489.54 7488.12 7487.09 7486.7 7487.09 7488.12 7489.54 7491.09 7492.57 7493.88 7494.97 7495.85 7496.53 7497.05 7497.44 7497.74 7497.96 7498.12 7498.25 7498.35 7498.43 7498.48 7498.52 7498.55 7498.56 7498.55 7498.52 7498.48 7498.43 7498.35 7498.25 7498.12 7497.96 7497.74 7497.44 
7496.76 7496.11 7495.23 7494.07 7492.57 7490.72 7488.53 7486.14 7483.84 7482.08 7481.39 7482.08 7483.84 7486.14 7488.53 7490.72 7492.57 7494.07 7495.23 7496.11 7496.76 7497.24 7497.58 7497.84 7498.02 7498.15 7498.25 7498.32 7498.38 7498.41 7498.43 7498.44 7498.43 7498.41 7498.38 7498.32 7498.25 7498.15 7498.02 7497.84 7497.58 7497.24 
7496.46 7495.67 7494.57 7493.07 7491.09 7488.53 7485.37 7481.72 7477.96 7474.87 7473.56 7474.87 7477.96 7481.72 7485.37 7488.53 7491.09 7493.07 7494.57 7495.67 7496.46 7497.04 7497.44 7497.73 7497.93 7498.08 7498.18 7498.25 7498.3 7498.33 7498.35 7498.36 7498.35 7498.33 7498.3 7498.25 7498.18 7498.08 7497.93 7497.73 7497.44 7497.04 
7496.19 7495.25 7493.92 7492.07 7489.54 7486.14 7481.72 7476.27 7470.13 7464.46 7461.67 7464.46 7470.13 7476.27 7481.72 7486.14 7489.54 7492.07 7493.92 7495.25 7496.19 7496.85 7497.32 7497.64 7497.87 7498.02 7498.13 7498.2 7498.25 7498.28 7498.3 7498.31 7498.3 7498.28 7498.25 7498.2 7498.13 7498.02 7497.87 7497.64 7497.32 7496.85 
7495.97 7494.9 7493.37 7491.19 7488.12 7483.84 7477.96 7470.13 7460.26 7449.51 7442.47 7449.51 7460.26 7470.13 7477.96 7483.84 7488.12 7491.19 7493.37 7494.9 7495.97 7496.71 7497.22 7497.57 7497.82 7497.98 7498.09 7498.17 7498.22 7498.25 7498.27 7498.28 7498.27 7498.25 7498.22 7498.17 7498.09 7497.98 7497.82 7497.57 7497.22 7496.71 
7495.82 7494.67 7492.99 7490.57 7487.09 7482.08 7474.87 7464.46 7449.51 7428.89 7407.21 7428.89 7449.51 7464.46 7474.87 7482.08 7487.09 7490.57 7492.99 7494.67 7495.82 7496.62 7497.16 7497.53 7497.78 7497.96 7498.07 7498.15 7498.2 7498.23 7498.25 7498.26 7498.25 7498.23 7498.2 7498.15 7498.07 7497.96 7497.78 7497.53 7497.16 7496.62 
7495.77 7494.58 7492.86 7490.35 7486.7 7481.39 7473.56 7461.67 7442.47 7407.21 7326.48 7407.21 7442.47 7461.67 7473.56 7481.39 7486.7 7490.35 7492.86 7494.58 7495.77 7496.58 7497.14 7497.52 7497.77 7497.95 7498.07 7498.15 7498.2 7498.23 7498.25 7498.25 7498.25 7498.23 7498.2 7498.15 7498.07 7497.95 7497.77 7497.52 7497.14 7496.58 
7495.82 7494.67 7492.99 7490.57 7487.09 7482.08 7474.87 7464.46 7449.51 7428.89 7407.21 7428.89 7449.51 7464.46 7474.87 7482.08 7487.09 7490.57 7492.99 7494.67 7495.82 7496.62 7497.16 7497.53 7497.78 7497.96 7498.07 7498.15 7498.2 7498.23 7498.25 7498.26 7498.25 7498.23 7498.2 7498.15 7498.07 7497.96 7497.78 7497.53 7497.16 7496.62 
7495.97 7494.9 7493.37 7491.19 7488.12 7483.84 7477.96 7470.13 7460.26 7449.51 7442.47 7449.51 7460.26 7470.13 7477.96 7483.84 7488.12 7491.19 7493.37 7494.9 7495.97 7496.71 7497.22 7497.57 7497.82 7497.98 7498.09 7498.17 7498.22 7498.25 7498.27 7498.28 7498.27 7498.25 7498.22 7498.17 7498.09 7497.98 7497.82 7497.57 7497.22 7496.71 
7496.19 7495.25 7493.92 7492.07 7489.54 7486.14 7481.72 7476.27 7470.13 7464.46 7461.67 7464.46 7470.13 7476.27 7481.72 7486.14 7489.54 7492.07 7493.92 7495.25 7496.19 7496.85 7497.32 7497.64 7497.87 7498.02 7498.13 7498.2 7498.25 7498.28 7498.3 7498.31 7498.3 7498.28 7498.25 7498.2 7498.13 7498.02 7497.87 7497.64 7497.32 7496.85 
7496.46 7495.67 7494.57 7493.07 7491.09 7488.53 7485.37 7481.72 7477.96 7474.87 7473.56 7474.87 7477.96 7481.72 7485.37 7488.53 7491.09 7493.07 7494.57 7495.67 7496.46 7497.04 7497.44 7497.73 7497.93 7498.08 7498.18 7498.25 7498.3 7498.33 7498.35 7498.36 7498.35 7498.33 7498.3 7498.25 7498.18 7498.08 7497.93 7497.73 7497.44 7497.04 
7496.76 7496.11 7495.23 7494.07 7492.57 7490.72 7488.53 7486.14 7483.84 7482.08 7481.39 7482.08 7483.84 7486.14 7488.53 7490.72 7492.57 7494.07 7495.23 7496.11 7496.76 7497.24 7497.58 7497.84 7498.02 7498.15 7498.25 7498.32 7498.38 7498.41 7498.43 7498.44 7498.43 7498.41 7498.38 7498.32 7498.25 7498.15 7498.02 7497.84 7497.58 7497.24 
7497.05 7496.53 7495.85 7494.97 7493.88 7492.57 7491.09 7489.54 7488.12 7487.09 7486.7 7487.09 7488.12 7489.54 7491.09 7492.57 7493.88 7494.97 7495.85 7496.53 7497.05 7497.44 7497.74 7497.96 7498.12 7498.25 7498.35 7498.43 7498.48 7498.52 7498.55 7498.56 7498.55 7498.52 7498.48 7498.43 7498.35 7498.25 7498.12 7497.96 7497.74 7497.44 
7497.33 7496.92 7496.4 7495.76 7494.97 7494.07 7493.07 7492.07 7491.19 7490.57 7490.35 7490.57 7491.19 7492.07 7493.07 7494.07 7494.97 7495.76 7496.4 7496.92 7497.33 7497.65 7497.9 7498.1 7498.25 7498.38 7498.48 7498.57 7498.64 7498.69 7498.72 7498.73 7498.72 7498.69 7498.64 7498.57 7498.48 7498.38 7498.25 7498.1 7497.9 7497.65 
7497.59 7497.27 7496.88 7496.4 7495.85 7495.23 7494.57 7493.92 7493.37 7492.99 7492.86 7492.99 7493.37 7493.92 7494.57 7495.23 7495.85 7496.4 7496.88 7497.27 7497.59 7497.85 7498.07 7498.25 7498.41 7498.55 7498.67 7498.77 7498.86 7498.93 7498.97 7498.99 7498.97 7498.93 7498.86 7498.77 7498.67 7498.55 7498.41 7498.25 7498.07 7497.85 
7497.83 7497.57 7497.27 7496.92 7496.53 7496.11 7495.67 7495.25 7494.9 7494.67 7494.58 7494.67 7494.9 7495.25 7495.67 7496.11 7496.53 7496.92 7497.27 7497.57 7497.83 7498.05 7498.25 7498.43 7498.6 7498.77 7498.92 7499.06 7499.18 7499.28 7499.34 7499.36 7499.34 7499.28 7499.18 7499.06 7498.92 7498.77 7498.6 7498.43 7498.25 7498.05 
7498.05 7497.83 7497.59 7497.33 7497.05 7496.76 7496.46 7496.19 7495.97 7495.82 7495.77 7495.82 7495.97 7496.19 7496.46 7496.76 7497.05 7497.33 7497.59 7497.83 7498.05 7498.25 7498.45 7498.65 7498.85 7499.06 7499.27 7499.47 7499.65 7499.79 7499.89 7499.92 7499.89 7499.79 7499.65 7499.47 7499.27 7499.06 7498.85 7498.65 7498.45 7498.25 
7498.25 7498.05 7497.85 7497.65 7497.44 7497.24 7497.04 7496.85 7496.71 7496.62 7496.58 7496.62 7496.71 7496.85 7497.04 7497.24 7497.44 7497.65 7497.85 7498.05 7498.25 7498.46 7498.68 7498.91 7499.17 7499.45 7499.75 7500.04 7500.31 7500.53 7500.68 7500.73 7500.68 7500.53 7500.31 7500.04 7499.75 7499.45 7499.17 7498.91 7498.68 7498.46 
7498.45 7498.25 7498.07 7497.9 7497.74 7497.58 7497.44 7497.32 7497.22 7497.16 7497.14 7497.16 7497.22 7497.32 7497.44 7497.58 7497.74 7497.9 7498.07 7498.25 7498.45 7498.68 7498.93 7499.23 7499.58 7499.97 7500.4 7500.84 7501.25 7501.6 7501.84 7501.92 7501.84 7501.6 7501.25 7500.84 7500.4 7499.97 7499.58 7499.23 7498.93 7498.68 
7498.65 7498.43 7498.25 7498.1 7497.96 7497.84 7497.73 7497.64 7497.57 7497.53 7497.52 7497.53 7497.57 7497.64 7497.73 7497.84 7497.96 7498.1 7498.25 7498.43 7498.65 7498.91 7499.23 7499.63 7500.1 7500.65 7501.27 7501.93 7502.58 7503.13 7503.51 7503.64 7503.51 7503.13 7502.58 7501.93 7501.27 7500.65 7500.1 7499.63 7499.23 7498.91 
7498.85 7498.6 7498.41 7498.25 7498.12 7498.02 7497.93 7497.87 7497.82 7497.78 7497.77 7497.78 7497.82 7497.87 7497.93 7498.02 7498.12 7498.25 7498.41 7498.6 7498.85 7499.17 7499.58 7500.1 7500.74 7501.53 7502.43 7503.43 7504.42 7505.31 7505.93 7506.15 7505.93 7505.31 7504.42 7503.43 7502.43 7501.53 7500.74 7500.1 7499.58 7499.17 
7499.06 7498.77 7498.55 7498.38 7498.25 7498.15 7498.08 7498.02 7497.98 7497.96 7497.95 7497.96 7497.98 7498.02 7498.08 7498.15 7498.25 7498.38 7498.55 7498.77 7499.06 7499.45 7499.97 7500.65 7501.53 7502.62 7503.93 7505.41 7506.96 7508.38 7509.41 7509.79 7509.41 7508.38 7506.96 7505.41 7503.93 7502.62 7501.53 7500.65 7499.97 7499.45 
7499.27 7498.92 7498.67 7498.48 7498.35 7498.25 7498.18 7498.13 7498.09 7498.07 7498.07 7498.07 7498.09 7498.13 7498.18 7498.25 7498.35 7498.48 7498.67 7498.92 7499.27 7499.75 7500.4 7501.27 7502.43 7503.93 7505.78 7507.97 7510.35 7512.66 7514.42 7515.1 7514.42 7512.66 7510.35 7507.97 7505.78 7503.93 7502.43 7501.27 7500.4 7499.75 
7499.47 7499.06 7498.77 7498.57 7498.43 7498.32 7498.25 7498.2 7498.17 7498.15 7498.15 7498.15 7498.17 7498.2 7498.25 7498.32 7498.43 7498.57 7498.77 7499.06 7499.47 7500.04 7500.84 7501.93 7503.43 7505.41 7507.97 7511.12 7514.77 7518.53 7521.63 7522.94 7521.63 7518.53 7514.77 7511.12 7507.97 7505.41 7503.43 7501.93 7500.84 7500.04 
7499.65 7499.18 7498.86 7498.64 7498.48 7498.38 7498.3 7498.25 7498.22 7498.2 7498.2 7498.2 7498.22 7498.25 7498.3 7498.38 7498.48 7498.64 7498.86 7499.18 7499.65 7500.31 7501.25 7502.58 7504.42 7506.96 7510.35 7514.77 7520.23 7526.37 7532.04 7534.84 7532.04 7526.37 7520.23 7514.77 7510.35 7506.96 7504.42 7502.58 7501.25 7500.31 
7499.79 7499.28 7498.93 7498.69 7498.52 7498.41 7498.33 7498.28 7498.25 7498.23 7498.23 7498.23 7498.25 7498.28 7498.33 7498.41 7498.52 7498.69 7498.93 7499.28 7499.79 7500.53 7501.6 7503.13 7505.31 7508.38 7512.66 7518.53 7526.37 7536.25 7547.02 7554.08 7547.02 7536.25 7526.37 7518.53 7512.66 7508.38 7505.31 7503.13 7501.6 7500.53 
7499.89 7499.34 7498.97 7498.72 7498.55 7498.43 7498.35 7498.3 7498.27 7498.25 7498.25 7498.25 7498.27 7498.3 7498.35 7498.43 7498.55 7498.72 7498.97 7499.34 7499.89 7500.68 7501.84 7503.51 7505.93 7509.41 7514.42 7521.63 7532.04 7547.02 7567.71 7589.48 7567.71 7547.02 7532.04 7521.63 7514.42 7509.41 7505.93 7503.51 7501.84 7500.68 
7499.92 7499.36 7498.99 7498.73 7498.56 7498.44 7498.36 7498.31 7498.28 7498.26 7498.25 7498.26 7498.28 7498.31 7498.36 7498.44 7498.56 7498.73 7498.99 7499.36 7499.92 7500.73 7501.92 7503.64 7506.15 7509.79 7515.1 7522.94 7534.84 7554.08 7589.48 7670.82 7589.48 7554.08 7534.84 7522.94 7515.1 7509.79 7506.15 7503.64 7501.92 7500.73 
7499.89 7499.34 7498.97 7498.72 7498.55 7498.43 7498.35 7498.3 7498.27 7498.25 7498.25 7498.25 7498.27 7498.3 7498.35 7498.43 7498.55 7498.72 7498.97 7499.34 7499.89 7500.68 7501.84 7503.51 7505.93 7509.41 7514.42 7521.63 7532.04 7547.02 7567.71 7589.48 7567.71 7547.02 7532.04 7521.63 7514.42 7509.41 7505.93 7503.51 7501.84 7500.68 
7499.79 7499.28 7498.93 7498.69 7498.52 7498.41 7498.33 7498.28 7498.25 7498.23 7498.23 7498.23 7498.25 7498.28 7498.33 7498.41 7498.52 7498.69 7498.93 7499.28 7499.79 7500.53 7501.6 7503.13 7505.31 7508.38 7512.66 7518.53 7526.37 7536.25 7547.02 7554.08 7547.02 7536.25 7526.37 7518.53 7512.66 7508.38 7505.31 7503.13 7501.6 7500.53 
7499.65 7499.18 7498.86 7498.64 7498.48 7498.38 7498.3 7498.25 7498.22 7498.2 7498.2 7498.2 7498.22 7498.25 7498.3 7498.38 7498.48 7498.64 7498.86 7499.18 7499.65 7500.31 7501.25 7502.58 7504.42 7506.96 7510.35 7514.77 7520.23 7526.37 7532.04 7534.84 7532.04 7526.37 7520.23 7514.77 7510.35 7506.96 7504.42 7502.58 7501.25 7500.31 
7499.47 7499.06 7498.77 7498.57 7498.43 7498.32 7498.25 7498.2 7498.17 7498.15 7498.15 7498.15 7498.17 7498.2 7498.25 7498.32 7498.43 7498.57 7498.77 7499.06 7499.47 7500.04 7500.84 7501.93 7503.43 7505.41 7507.97 7511.12 7514.77 7518.53 7521.63 7522.94 7521.63 7518.53 7514.77 7511.12 7507.97 7505.41 7503.43 7501.93 7500.84 7500.04 
7499.27 7498.92 7498.67 7498.48 7498.35 7498.25 7498.18 7498.13 7498.09 7498.07 7498.07 7498.07 7498.09 7498.13 7498.18 7498.25 7498.35 7498.48 7498.67 7498.92 7499.27 7499.75 7500.4 7501.27 7502.43 7503.93 7505.78 7507.97 7510.35 7512.66 7514.42 7515.1 7514.42 7512.66 7510.35 7507.97 7505.78 7503.93 7502.43 7501.27 7500.4 7499.75 
7499.06 7498.77 7498.55 7498.38 7498.25 7498.15 7498.08 7498.02 7497.98 7497.96 7497.95 7497.96 7497.98 7498.02 7498.08 7498.15 7498.25 7498.38 7498.55 7498.77 7499.06 7499.45 7499.97 7500.65 7501.53 7502.62 7503.93 7505.41 7506.96 7508.38 7509.41 7509.79 7509.41 7508.38 7506.96 7505.41 7503.93 7502.62 7501.53 7500.65 7499.97 7499.45 
7498.85 7498.6 7498.41 7498.25 7498.12 7498.02 7497.93 7497.87 7497.82 7497.78 7497.77 7497.78 7497.82 7497.87 7497.93 7498.02 7498.12 7498.25 7498.41 7498.6 7498.85 7499.17 7499.58 7500.1 7500.74 7501.53 7502.43 7503.43 7504.42 7505.31 7505.93 7506.15 7505.93 7505.31 7504.42 7503.43 7502.43 7501.53 7500.74 7500.1 7499.58 7499.17 
7498.65 7498.43 7498.25 7498.1 7497.96 7497.84 7497.73 7497.64 7497.57 7497.53 7497.52 7497.53 7497.57 7497.64 7497.73 7497.84 7497.96 7498.1 7498.25 7498.43 7498.65 7498.91 7499.23 7499.63 7500.1 7500.65 7501.27 7501.93 7502.58 7503.13 7503.51 7503.64 7503.51 7503.13 7502.58 7501.93 7501.27 7500.65 7500.1 7499.63 7499.23 7498.91 
7498.45 7498.25 7498.07 7497.9 7497.74 7497.58 7497.44 7497.32 7497.22 7497.16 7497.14 7497.16 7497.22 7497.32 7497.44 7497.58 7497.74 7497.9 7498.07 7498.25 7498.45 7498.68 7498.93 7499.23 7499.58 7499.97 7500.4 7500.84 7501.25 7501.6 7501.84 7501.92 7501.84 7501.6 7501.25 7500.84 7500.4 7499.97 7499.58 7499.23 7498.93 7498.68 
7498.25 7498.05 7497.85 7497.65 7497.44 7497.24 7497.04 7496.85 7496.71 7496.62 7496.58 7496.62 7496.71 7496.85 7497.04 7497.24 7497.44 7497.65 7497.85 7498.05 7498.25 7498.46 7498.68 7498.91 7499.17 7499.45 7499.75 7500.04 7500.31 7500.53 7500.68 7500.73 7500.68 7500.53 7500.31 7500.04 7499.75 7499.45 7499.17 7498.91 7498.68 7498.46 
