7495.54 7492.83 7490.15 7487.56 7485.1 7482.83 7480.82 7479.15 7477.88 7477.1 7476.83 7477.1 7477.88 7479.15 7480.82 7482.83 7485.1 7487.56 7490.15 7492.83 7495.54 7498.24 7500.9 7503.47 7505.93 7508.22 7510.29 7512.1 7513.58 7514.69 7515.37 7515.6 7515.37 7514.69 7513.58 7512.1 7510.29 7508.22 7505.93 7503.47 7500.9 7498.24 
7492.83 7490.02 7487.19 7484.39 7481.69 7479.14 7476.85 7474.9 7473.41 7472.47 7472.15 7472.47 7473.41 7474.9 7476.85 7479.14 7481.69 7484.39 7487.19 7490.02 7492.83 7495.58 7498.24 7500.77 7503.14 7505.32 7507.26 7508.92 7510.27 7511.26 7511.88 7512.08 7511.88 7511.26 7510.27 7508.92 7507.26 7505.32 7503.14 7500.77 7498.24 7495.58 
7490.15 7487.19 7484.15 7481.08 7478.04 7475.13 7472.44 7470.11 7468.3 7467.13 7466.73 7467.13 7468.3 7470.11 7472.44 7475.13 7478.04 7481.08 7484.15 7487.19 7490.15 7493 7495.71 7498.24 7500.57 7502.68 7504.53 7506.1 7507.36 7508.29 7508.85 7509.04 7508.85 7508.29 7507.36 7506.1 7504.53 7502.68 7500.57 7498.24 7495.71 7493 
7487.56 7484.39 7481.08 7477.66 7474.2 7470.8 7467.58 7464.72 7462.42 7460.92 7460.4 7460.92 7462.42 7464.72 7467.58 7470.8 7474.2 7477.66 7481.08 7484.39 7487.56 7490.55 7493.34 7495.91 7498.24 7500.32 7502.12 7503.64 7504.84 7505.71 7506.24 7506.42 7506.24 7505.71 7504.84 7503.64 7502.12 7500.32 7498.24 7495.91 7493.34 7490.55 
7485.1 7481.69 7478.04 7474.2 7470.22 7466.19 7462.25 7458.63 7455.64 7453.62 7452.9 7453.62 7455.64 7458.63 7462.25 7466.19 7470.22 7474.2 7478.04 7481.69 7485.1 7488.26 7491.16 7493.8 7496.16 7498.24 7500.03 7501.51 7502.68 7503.52 7504.03 7504.2 7504.03 7503.52 7502.68 7501.51 7500.03 7498.24 7496.16 7493.8 7491.16 7488.26 
7482.83 7479.14 7475.13 7470.8 7466.19 7461.36 7456.49 7451.81 7447.75 7444.89 7443.83 7444.89 7447.75 7451.81 7456.49 7461.36 7466.19 7470.8 7475.13 7479.14 7482.83 7486.19 7489.22 7491.95 7494.36 7496.45 7498.24 7499.71 7500.86 7501.69 7502.19 7502.35 7502.19 7501.69 7500.86 7499.71 7498.24 7496.45 7494.36 7491.95 7489.22 7486.19 
7480.82 7476.85 7472.44 7467.58 7462.25 7456.49 7450.39 7444.24 7438.54 7434.22 7432.49 7434.22 7438.54 7444.24 7450.39 7456.49 7462.25 7467.58 7472.44 7476.85 7480.82 7484.38 7487.56 7490.38 7492.84 7494.97 7496.77 7498.24 7499.39 7500.2 7500.7 7500.86 7500.7 7500.2 7499.39 7498.24 7496.77 7494.97 7492.84 7490.38 7487.56 7484.38 
7479.15 7474.9 7470.11 7464.72 7458.63 7451.81 7444.24 7436.06 7427.82 7420.82 7417.57 7420.82 7427.82 7436.06 7444.24 7451.81 7458.63 7464.72 7470.11 7474.9 7479.15 7482.9 7486.21 7489.12 7491.64 7493.8 7495.62 7497.1 7498.24 7499.06 7499.55 7499.71 7499.55 7499.06 7498.24 7497.1 7495.62 7493.8 7491.64 7489.12 7486.21 7482.9 
7477.88 7473.41 7468.3 7462.42 7455.64 7447.75 7438.54 7427.82 7415.7 7403.51 7395.99 7403.51 7415.7 7427.82 7438.54 7447.75 7455.64 7462.42 7468.3 7473.41 7477.88 7481.8 7485.22 7488.2 7490.77 7492.96 7494.79 7496.28 7497.43 7498.24 7498.73 7498.89 7498.73 7498.24 7497.43 7496.28 7494.79 7492.96 7490.77 7488.2 7485.22 7481.8 
7477.1 7472.47 7467.13 7460.92 7453.62 7444.89 7434.22 7420.82 7403.51 7381.41 7359.23 7381.41 7403.51 7420.82 7434.22 7444.89 7453.62 7460.92 7467.13 7472.47 7477.1 7481.11 7484.61 7487.63 7490.24 7492.45 7494.29 7495.79 7496.94 7497.75 7498.24 7498.4 7498.24 7497.75 7496.94 7495.79 7494.29 7492.45 7490.24 7487.63 7484.61 7481.11 
7476.83 7472.15 7466.73 7460.4 7452.9 7443.83 7432.49 7417.57 7395.99 7359.23 7278.07 7359.23 7395.99 7417.57 7432.49 7443.83 7452.9 7460.4 7466.73 7472.15 7476.83 7480.88 7484.4 7487.45 7490.06 7492.28 7494.13 7495.62 7496.77 7497.59 7498.08 7498.24 7498.08 7497.59 7496.77 7495.62 7494.13 7492.28 7490.06 7487.45 7484.4 7480.88 
7477.1 7472.47 7467.13 7460.92 7453.62 7444.89 7434.22 7420.82 7403.51 7381.41 7359.23 7381.41 7403.51 7420.82 7434.22 7444.89 7453.62 7460.92 7467.13 7472.47 7477.1 7481.11 7484.61 7487.63 7490.24 7492.45 7494.29 7495.79 7496.94 7497.75 7498.24 7498.4 7498.24 7497.75 7496.94 7495.79 7494.29 7492.45 7490.24 7487.63 7484.61 7481.11 
7477.88 7473.41 7468.3 7462.42 7455.64 7447.75 7438.54 7427.82 7415.7 7403.51 7395.99 7403.51 7415.7 7427.82 7438.54 7447.75 7455.64 7462.42 7468.3 7473.41 7477.88 7481.8 7485.22 7488.2 7490.77 7492.96 7494.79 7496.28 7497.43 7498.24 7498.73 7498.89 7498.73 7498.24 7497.43 7496.28 7494.79 7492.96 7490.77 7488.2 7485.22 7481.8 
7479.15 7474.9 7470.11 7464.72 7458.63 7451.81 7444.24 7436.06 7427.82 7420.82 7417.57 7420.82 7427.82 7436.06 7444.24 7451.81 7458.63 7464.72 7470.11 7474.9 7479.15 7482.9 7486.21 7489.12 7491.64 7493.8 7495.62 7497.1 7498.24 7499.06 7499.55 7499.71 7499.55 7499.06 7498.24 7497.1 7495.62 7493.8 7491.64 7489.12 7486.21 7482.9 
7480.82 7476.85 7472.44 7467.58 7462.25 7456.49 7450.39 7444.24 7438.54 7434.22 7432.49 7434.22 7438.54 7444.24 7450.39 7456.49 7462.25 7467.58 7472.44 7476.85 7480.82 7484.38 7487.56 7490.38 7492.84 7494.97 7496.77 7498.24 7499.39 7500.2 7500.7 7500.86 7500.7 7500.2 7499.39 7498.24 7496.77 7494.97 7492.84 7490.38 7487.56 7484.38 
7482.83 7479.14 7475.13 7470.8 7466.19 7461.36 7456.49 7451.81 7447.75 7444.89 7443.83 7444.89 7447.75 7451.81 7456.49 7461.36 7466.19 7470.8 7475.13 7479.14 7482.83 7486.19 7489.22 7491.95 7494.36 7496.45 7498.24 7499.71 7500.86 7501.69 7502.19 7502.35 7502.19 7501.69 7500.86 7499.71 7498.24 7496.45 7494.36 7491.95 7489.22 7486.19 
7485.1 7481.69 7478.04 7474.2 7470.22 7466.19 7462.25 7458.63 7455.64 7453.62 7452.9 7453.62 7455.64 7458.63 7462.25 7466.19 7470.22 7474.2 7478.04 7481.69 7485.1 7488.26 7491.16 7493.8 7496.16 7498.24 7500.03 7501.51 7502.68 7503.52 7504.03 7504.2 7504.03 7503.52 7502.68 7501.51 7500.03 7498.24 7496.16 7493.8 7491.16 7488.26 
7487.56 7484.39 7481.08 7477.66 7474.2 7470.8 7467.58 7464.72 7462.42 7460.92 7460.4 7460.92 7462.42 7464.72 7467.58 7470.8 7474.2 7477.66 7481.08 7484.39 7487.56 7490.55 7493.34 7495.91 7498.24 7500.32 7502.12 7503.64 7504.84 7505.71 7506.24 7506.42 7506.24 7505.71 7504.84 7503.64 7502.12 7500.32 7498.24 7495.91 7493.34 7490.55 
7490.15 7487.19 7484.15 7481.08 7478.04 7475.13 7472.44 7470.11 7468.3 7467.13 7466.73 7467.13 7468.3 7470.11 7472.44 7475.13 7478.04 7481.08 7484.15 7487.19 7490.15 7493 7495.71 7498.24 7500.57 7502.68 7504.53 7506.1 7507.36 7508.29 7508.85 7509.04 7508.85 7508.29 7507.36 7506.1 7504.53 7502.68 7500.57 7498.24 7495.71 7493 
7492.83 7490.02 7487.19 7484.39 7481.69 7479.14 7476.85 7474.9 7473.41 7472.47 7472.15 7472.47 7473.41 7474.9 7476.85 7479.14 7481.69 7484.39 7487.19 7490.02 7492.83 7495.58 7498.24 7500.77 7503.14 7505.32 7507.26 7508.92 7510.27 7511.26 7511.88 7512.08 7511.88 7511.26 7510.27 7508.92 7507.26 7505.32 7503.14 7500.77 7498.24 7495.58 
7495.54 7492.83 7490.15 7487.56 7485.1 7482.83 7480.82 7479.15 7477.88 7477.1 7476.83 7477.1 7477.88 7479.15 7480.82 7482.83 7485.1 7487.56 7490.15 7492.83 7495.54 7498.24 7500.9 7503.47 7505.93 7508.22 7510.29 7512.1 7513.58 7514.69 7515.37 7515.6 7515.37 7514.69 7513.58 7512.1 7510.29 7508.22 7505.93 7503.47 7500.9 7498.24 
7498.24 7495.58 7493 7490.55 7488.26 7486.19 7484.38 7482.9 7481.8 7481.11 7480.88 7481.11 7481.8 7482.9 7484.38 7486.19 7488.26 7490.55 7493 7495.58 7498.24 7500.94 7503.65 7506.32 7508.92 7511.38 7513.66 7515.67 7517.34 7518.6 7519.39 7519.66 7519.39 7518.6 7517.34 7515.67 7513.66 7511.38 7508.92 7506.32 7503.65 7500.94 
7500.9 7498.24 7495.71 7493.34 7491.16 7489.22 7487.56 7486.21 7485.22 7484.61 7484.4 7484.61 7485.22 7486.21 7487.56 7489.22 7491.16 7493.34 7495.71 7498.24 7500.9 7503.65 7506.46 7509.29 7512.09 7514.8 7517.34 7519.64 7521.59 7523.08 7524.02 7524.34 7524.02 7523.08 7521.59 7519.64 7517.34 7514.8 7512.09 7509.29 7506.46 7503.65 
7503.47 7500.77 7498.24 7495.91 7493.8 7491.95 7490.38 7489.12 7488.2 7487.63 7487.45 7487.63 7488.2 7489.12 7490.38 7491.95 7493.8 7495.91 7498.24 7500.77 7503.47 7506.32 7509.29 7512.33 7515.4 7518.44 7521.36 7524.05 7526.38 7528.2 7529.37 7529.77 7529.37 7528.2 7526.38 7524.05 7521.36 7518.44 7515.4 7512.33 7509.29 7506.32 
7505.93 7503.14 7500.57 7498.24 7496.16 7494.36 7492.84 7491.64 7490.77 7490.24 7490.06 7490.24 7490.77 7491.64 7492.84 7494.36 7496.16 7498.24 7500.57 7503.14 7505.93 7508.92 7512.09 7515.4 7518.82 7522.29 7525.7 7528.92 7531.79 7534.08 7535.59 7536.11 7535.59 7534.08 7531.79 7528.92 7525.7 7522.29 7518.82 7515.4 7512.09 7508.92 
7508.22 7505.32 7502.68 7500.32 7498.24 7496.45 7494.97 7493.8 7492.96 7492.45 7492.28 7492.45 7492.96 7493.8 7494.97 7496.45 7498.24 7500.32 7502.68 7505.32 7508.22 7511.38 7514.8 7518.44 7522.29 7526.27 7530.31 7534.26 7537.88 7540.88 7542.9 7543.63 7542.9 7540.88 7537.88 7534.26 7530.31 7526.27 7522.29 7518.44 7514.8 7511.38 
7510.29 7507.26 7504.53 7502.12 7500.03 7498.24 7496.77 7495.62 7494.79 7494.29 7494.13 7494.29 7494.79 7495.62 7496.77 7498.24 7500.03 7502.12 7504.53 7507.26 7510.29 7513.66 7517.34 7521.36 7525.7 7530.31 7535.14 7540.03 7544.72 7548.79 7551.66 7552.72 7551.66 7548.79 7544.72 7540.03 7535.14 7530.31 7525.7 7521.36 7517.34 7513.66 
7512.1 7508.92 7506.1 7503.64 7501.51 7499.71 7498.24 7497.1 7496.28 7495.79 7495.62 7495.79 7496.28 7497.1 7498.24 7499.71 7501.51 7503.64 7506.1 7508.92 7512.1 7515.67 7519.64 7524.05 7528.92 7534.26 7540.03 7546.14 7552.31 7558.02 7562.36 7564.09 7562.36 7558.02 7552.31 7546.14 7540.03 7534.26 7528.92 7524.05 7519.64 7515.67 
7513.58 7510.27 7507.36 7504.84 7502.68 7500.86 7499.39 7498.24 7497.43 7496.94 7496.77 7496.94 7497.43 7498.24 7499.39 7500.86 7502.68 7504.84 7507.36 7510.27 7513.58 7517.34 7521.59 7526.38 7531.79 7537.88 7544.72 7552.31 7560.51 7568.79 7575.82 7579.08 7575.82 7568.79 7560.51 7552.31 7544.72 7537.88 7531.79 7526.38 7521.59 7517.34 
7514.69 7511.26 7508.29 7505.71 7503.52 7501.69 7500.2 7499.06 7498.24 7497.75 7497.59 7497.75 7498.24 7499.06 7500.2 7501.69 7503.52 7505.71 7508.29 7511.26 7514.69 7518.6 7523.08 7528.2 7534.08 7540.88 7548.79 7558.02 7568.79 7580.96 7593.21 7600.77 7593.21 7580.96 7568.79 7558.02 7548.79 7540.88 7534.08 7528.2 7523.08 7518.6 
7515.37 7511.88 7508.85 7506.24 7504.03 7502.19 7500.7 7499.55 7498.73 7498.24 7498.08 7498.24 7498.73 7499.55 7500.7 7502.19 7504.03 7506.24 7508.85 7511.88 7515.37 7519.39 7524.02 7529.37 7535.59 7542.9 7551.66 7562.36 7575.82 7593.21 7615.45 7637.79 7615.45 7593.21 7575.82 7562.36 7551.66 7542.9 7535.59 7529.37 7524.02 7519.39 
7515.6 7512.08 7509.04 7506.42 7504.2 7502.35 7500.86 7499.71 7498.89 7498.4 7498.24 7498.4 7498.89 7499.71 7500.86 7502.35 7504.2 7506.42 7509.04 7512.08 7515.6 7519.66 7524.34 7529.77 7536.11 7543.63 7552.72 7564.09 7579.08 7600.77 7637.79 7719.8 7637.79 7600.77 7579.08 7564.09 7552.72 7543.63 7536.11 7529.77 7524.34 7519.66 
7515.37 7511.88 7508.85 7506.24 7504.03 7502.19 7500.7 7499.55 7498.73 7498.24 7498.08 7498.24 7498.73 7499.55 7500.7 7502.19 7504.03 7506.24 7508.85 7511.88 7515.37 7519.39 7524.02 7529.37 7535.59 7542.9 7551.66 7562.36 7575.82 7593.21 7615.45 7637.79 7615.45 7593.21 7575.82 7562.36 7551.66 7542.9 7535.59 7529.37 7524.02 7519.39 
7514.69 7511.26 7508.29 7505.71 7503.52 7501.69 7500.2 7499.06 7498.24 7497.75 7497.59 7497.75 7498.24 7499.06 7500.2 7501.69 7503.52 7505.71 7508.29 7511.26 7514.69 7518.6 7523.08 7528.2 7534.08 7540.88 7548.79 7558.02 7568.79 7580.96 7593.21 7600.77 7593.21 7580.96 7568.79 7558.02 7548.79 7540.88 7534.08 7528.2 7523.08 7518.6 
7513.58 7510.27 7507.36 7504.84 7502.68 7500.86 7499.39 7498.24 7497.43 7496.94 7496.77 7496.94 7497.43 7498.24 7499.39 7500.86 7502.68 7504.84 7507.36 7510.27 7513.58 7517.34 7521.59 7526.38 7531.79 7537.88 7544.72 7552.31 7560.51 7568.79 7575.82 7579.08 7575.82 7568.79 7560.51 7552.31 7544.72 7537.88 7531.79 7526.38 7521.59 7517.34 
7512.1 7508.92 7506.1 7503.64 7501.51 7499.71 7498.24 7497.1 7496.28 7495.79 7495.62 7495.79 7496.28 7497.1 7498.24 7499.71 7501.51 7503.64 7506.1 7508.92 7512.1 7515.67 7519.64 7524.05 7528.92 7534.26 7540.03 7546.14 7552.31 7558.02 7562.36 7564.09 7562.36 7558.02 7552.31 7546.14 7540.03 7534.26 7528.92 7524.05 7519.64 7515.67 
7510.29 7507.26 7504.53 7502.12 7500.03 7498.24 7496.77 7495.62 7494.79 7494.29 7494.13 7494.29 7494.79 7495.62 7496.77 7498.24 7500.03 7502.12 7504.53 7507.26 7510.29 7513.66 7517.34 7521.36 7525.7 7530.31 7535.14 7540.03 7544.72 7548.79 7551.66 7552.72 7551.66 7548.79 7544.72 7540.03 7535.14 7530.31 7525.7 7521.36 7517.34 7513.66 
7508.22 7505.32 7502.68 7500.32 7498.24 7496.45 7494.97 7493.8 7492.96 7492.45 7492.28 7492.45 7492.96 7493.8 7494.97 7496.45 7498.24 7500.32 7502.68 7505.32 7508.22 7511.38 7514.8 7518.44 7522.29 7526.27 7530.31 7534.26 7537.88 7540.88 7542.9 7543.63 7542.9 7540.88 7537.88 7534.26 7530.31 7526.27 7522.29 7518.44 7514.8 7511.38 
7505.93 7503.14 7500.57 7498.24 7496.16 7494.36 7492.84 7491.64 7490.77 7490.24 7490.06 7490.24 7490.77 7491.64 7492.84 7494.36 7496.16 7498.24 7500.57 7503.14 7505.93 7508.92 7512.09 7515.4 7518.82 7522.29 7525.7 7528.92 7531.79 7534.08 7535.59 7536.11 7535.59 7534.08 7531.79 7528.92 7525.7 7522.29 7518.82 7515.4 7512.09 7508.92 
7503.47 7500.77 7498.24 7495.91 7493.8 7491.95 7490.38 7489.12 7488.2 7487.63 7487.45 7487.63 7488.2 7489.12 7490.38 7491.95 7493.8 7495.91 7498.24 7500.77 7503.47 7506.32 7509.29 7512.33 7515.4 7518.44 7521.36 7524.05 7526.38 7528.2 7529.37 7529.77 7529.37 7528.2 7526.38 7524.05 7521.36 7518.44 7515.4 7512.33 7509.29 7506.32 
7500.9 7498.24 7495.71 7493.34 7491.16 7489.22 7487.56 7486.21 7485.22 7484.61 7484.4 7484.61 7485.22 7486.21 7487.56 7489.22 7491.16 7493.34 7495.71 7498.24 7500.9 7503.65 7506.46 7509.29 7512.09 7514.8 7517.34 7519.64 7521.59 7523.08 7524.02 7524.34 7524.02 7523.08 7521.59 7519.64 7517.34 7514.8 7512.09 7509.29 7506.46 7503.65 
7498.24 7495.58 7493 7490.55 7488.26 7486.19 7484.38 7482.9 7481.8 7481.11 7480.88 7481.11 7481.8 7482.9 7484.38 7486.19 7488.26 7490.55 7493 7495.58 7498.24 7500.94 7503.65 7506.32 7508.92 7511.38 7513.66 7515.67 7517.34 7518.6 7519.39 7519.66 7519.39 7518.6 7517.34 7515.67 7513.66 7511.38 7508.92 7506.32 7503.65 7500.94 
