7495.88 7493.51 7491.17 7488.88 7486.7 7484.68 7482.89 7481.39 7480.25 7479.54 7479.3 7479.54 7480.25 7481.39 7482.89 7484.68 7486.7 7488.88 7491.17 7493.51 7495.88 7498.24 7500.56 7502.81 7504.96 7506.96 7508.79 7510.38 7511.69 7512.67 7513.28 7513.48 7513.28 7512.67 7511.69 7510.38 7508.79 7506.96 7504.96 7502.81 7500.56 7498.24 
7493.51 7491.04 7488.54 7486.05 7483.63 7481.34 7479.26 7477.48 7476.12 7475.26 7474.96 7475.26 7476.12 7477.48 7479.26 7481.34 7483.63 7486.05 7488.54 7491.04 7493.51 7495.92 7498.24 7500.45 7502.51 7504.4 7506.09 7507.54 7508.72 7509.59 7510.12 7510.3 7510.12 7509.59 7508.72 7507.54 7506.09 7504.4 7502.51 7500.45 7498.24 7495.92 
7491.17 7488.54 7485.83 7483.07 7480.32 7477.65 7475.18 7473.02 7471.33 7470.25 7469.87 7470.25 7471.33 7473.02 7475.18 7477.65 7480.32 7483.07 7485.83 7488.54 7491.17 7493.67 7496.04 7498.24 7500.27 7502.09 7503.69 7505.05 7506.14 7506.94 7507.42 7507.59 7507.42 7506.94 7506.14 7505.05 7503.69 7502.09 7500.27 7498.24 7496.04 7493.67 
7488.88 7486.05 7483.07 7479.96 7476.79 7473.63 7470.63 7467.94 7465.77 7464.35 7463.85 7464.35 7465.77 7467.94 7470.63 7473.63 7476.79 7479.96 7483.07 7486.05 7488.88 7491.53 7493.98 7496.22 7498.24 7500.04 7501.59 7502.89 7503.93 7504.67 7505.13 7505.28 7505.13 7504.67 7503.93 7502.89 7501.59 7500.04 7498.24 7496.22 7493.98 7491.53 
7486.7 7483.63 7480.32 7476.79 7473.09 7469.3 7465.58 7462.14 7459.27 7457.33 7456.63 7457.33 7459.27 7462.14 7465.58 7469.3 7473.09 7476.79 7480.32 7483.63 7486.7 7489.52 7492.08 7494.39 7496.45 7498.24 7499.78 7501.05 7502.05 7502.76 7503.2 7503.34 7503.2 7502.76 7502.05 7501.05 7499.78 7498.24 7496.45 7494.39 7492.08 7489.52 
7484.68 7481.34 7477.65 7473.63 7469.3 7464.74 7460.07 7455.57 7451.64 7448.85 7447.82 7448.85 7451.64 7455.57 7460.07 7464.74 7469.3 7473.63 7477.65 7481.34 7484.68 7487.7 7490.4 7492.79 7494.89 7496.71 7498.24 7499.5 7500.48 7501.18 7501.61 7501.75 7501.61 7501.18 7500.48 7499.5 7498.24 7496.71 7494.89 7492.79 7490.4 7487.7 
7482.89 7479.26 7475.18 7470.63 7465.58 7460.07 7454.2 7448.21 7442.64 7438.4 7436.7 7438.4 7442.64 7448.21 7454.2 7460.07 7465.58 7470.63 7475.18 7479.26 7482.89 7486.11 7488.95 7491.43 7493.59 7495.44 7496.99 7498.24 7499.22 7499.91 7500.33 7500.47 7500.33 7499.91 7499.22 7498.24 7496.99 7495.44 7493.59 7491.43 7488.95 7486.11 
7481.39 7477.48 7473.02 7467.94 7462.14 7455.57 7448.21 7440.21 7432.09 7425.17 7421.94 7425.17 7432.09 7440.21 7448.21 7455.57 7462.14 7467.94 7473.02 7477.48 7481.39 7484.8 7487.77 7490.35 7492.56 7494.44 7496.01 7497.27 7498.24 7498.94 7499.35 7499.49 7499.35 7498.94 7498.24 7497.27 7496.01 7494.44 7492.56 7490.35 7487.77 7484.8 
7480.25 7476.12 7471.33 7465.77 7459.27 7451.64 7442.64 7432.09 7420.1 7407.99 7400.49 7407.99 7420.1 7432.09 7442.64 7451.64 7459.27 7465.77 7471.33 7476.12 7480.25 7483.82 7486.9 7489.55 7491.81 7493.72 7495.3 7496.58 7497.55 7498.24 7498.66 7498.79 7498.66 7498.24 7497.55 7496.58 7495.3 7493.72 7491.81 7489.55 7486.9 7483.82 
7479.54 7475.26 7470.25 7464.35 7457.33 7448.85 7438.4 7425.17 7407.99 7385.96 7363.8 7385.96 7407.99 7425.17 7438.4 7448.85 7457.33 7464.35 7470.25 7475.26 7479.54 7483.21 7486.37 7489.06 7491.36 7493.29 7494.88 7496.16 7497.14 7497.83 7498.24 7498.38 7498.24 7497.83 7497.14 7496.16 7494.88 7493.29 7491.36 7489.06 7486.37 7483.21 
7479.3 7474.96 7469.87 7463.85 7456.63 7447.82 7436.7 7421.94 7400.49 7363.8 7282.66 7363.8 7400.49 7421.94 7436.7 7447.82 7456.63 7463.85 7469.87 7474.96 7479.3 7483.01 7486.18 7488.9 7491.21 7493.14 7494.74 7496.02 7497 7497.7 7498.11 7498.24 7498.11 7497.7 7497 7496.02 7494.74 7493.14 7491.21 7488.9 7486.18 7483.01 
7479.54 7475.26 7470.25 7464.35 7457.33 7448.85 7438.4 7425.17 7407.99 7385.96 7363.8 7385.96 7407.99 7425.17 7438.4 7448.85 7457.33 7464.35 7470.25 7475.26 7479.54 7483.21 7486.37 7489.06 7491.36 7493.29 7494.88 7496.16 7497.14 7497.83 7498.24 7498.38 7498.24 7497.83 7497.14 7496.16 7494.88 7493.29 7491.36 7489.06 7486.37 7483.21 
7480.25 7476.12 7471.33 7465.77 7459.27 7451.64 7442.64 7432.09 7420.1 7407.99 7400.49 7407.99 7420.1 7432.09 7442.64 7451.64 7459.27 7465.77 7471.33 7476.12 7480.25 7483.82 7486.9 7489.55 7491.81 7493.72 7495.3 7496.58 7497.55 7498.24 7498.66 7498.79 7498.66 7498.24 7497.55 7496.58 7495.3 7493.72 7491.81 7489.55 7486.9 7483.82 
7481.39 7477.48 7473.02 7467.94 7462.14 7455.57 7448.21 7440.21 7432.09 7425.17 7421.94 7425.17 7432.09 7440.21 7448.21 7455.57 7462.14 7467.94 7473.02 7477.48 7481.39 7484.8 7487.77 7490.35 7492.56 7494.44 7496.01 7497.27 7498.24 7498.94 7499.35 7499.49 7499.35 7498.94 7498.24 7497.27 7496.01 7494.44 7492.56 7490.35 7487.77 7484.8 
7482.89 7479.26 7475.18 7470.63 7465.58 7460.07 7454.2 7448.21 7442.64 7438.4 7436.7 7438.4 7442.64 7448.21 7454.2 7460.07 7465.58 7470.63 7475.18 7479.26 7482.89 7486.11 7488.95 7491.43 7493.59 7495.44 7496.99 7498.24 7499.22 7499.91 7500.33 7500.47 7500.33 7499.91 7499.22 7498.24 7496.99 7495.44 7493.59 7491.43 7488.95 7486.11 
7484.68 7481.34 7477.65 7473.63 7469.3 7464.74 7460.07 7455.57 7451.64 7448.85 7447.82 7448.85 7451.64 7455.57 7460.07 7464.74 7469.3 7473.63 7477.65 7481.34 7484.68 7487.7 7490.4 7492.79 7494.89 7496.71 7498.24 7499.5 7500.48 7501.18 7501.61 7501.75 7501.61 7501.18 7500.48 7499.5 7498.24 7496.71 7494.89 7492.79 7490.4 7487.7 
7486.7 7483.63 7480.32 7476.79 7473.09 7469.3 7465.58 7462.14 7459.27 7457.33 7456.63 7457.33 7459.27 7462.14 7465.58 7469.3 7473.09 7476.79 7480.32 7483.63 7486.7 7489.52 7492.08 7494.39 7496.45 7498.24 7499.78 7501.05 7502.05 7502.76 7503.2 7503.34 7503.2 7502.76 7502.05 7501.05 7499.78 7498.24 7496.45 7494.39 7492.08 7489.52 
7488.88 7486.05 7483.07 7479.96 7476.79 7473.63 7470.63 7467.94 7465.77 7464.35 7463.85 7464.35 7465.77 7467.94 7470.63 7473.63 7476.79 7479.96 7483.07 7486.05 7488.88 7491.53 7493.98 7496.22 7498.24 7500.04 7501.59 7502.89 7503.93 7504.67 7505.13 7505.28 7505.13 7504.67 7503.93 7502.89 7501.59 7500.04 7498.24 7496.22 7493.98 7491.53 
7491.17 7488.54 7485.83 7483.07 7480.32 7477.65 7475.18 7473.02 7471.33 7470.25 7469.87 7470.25 7471.33 7473.02 7475.18 7477.65 7480.32 7483.07 7485.83 7488.54 7491.17 7493.67 7496.04 7498.24 7500.27 7502.09 7503.69 7505.05 7506.14 7506.94 7507.42 7507.59 7507.42 7506.94 7506.14 7505.05 7503.69 7502.09 7500.27 7498.24 7496.04 7493.67 
7493.51 7491.04 7488.54 7486.05 7483.63 7481.34 7479.26 7477.48 7476.12 7475.26 7474.96 7475.26 7476.12 7477.48 7479.26 7481.34 7483.63 7486.05 7488.54 7491.04 7493.51 7495.92 7498.24 7500.45 7502.51 7504.4 7506.09 7507.54 7508.72 7509.59 7510.12 7510.3 7510.12 7509.59 7508.72 7507.54 7506.09 7504.4 7502.51 7500.45 7498.24 7495.92 
7495.88 7493.51 7491.17 7488.88 7486.7 7484.68 7482.89 7481.39 7480.25 7479.54 7479.3 7479.54 7480.25 7481.39 7482.89 7484.68 7486.7 7488.88 7491.17 7493.51 7495.88 7498.24 7500.56 7502.81 7504.96 7506.96 7508.79 7510.38 7511.69 7512.67 7513.28 7513.48 7513.28 7512.67 7511.69 7510.38 7508.79 7506.96 7504.96 7502.81 7500.56 7498.24 
7498.24 7495.92 7493.67 7491.53 7489.52 7487.7 7486.11 7484.8 7483.82 7483.21 7483.01 7483.21 7483.82 7484.8 7486.11 7487.7 7489.52 7491.53 7493.67 7495.92 7498.24 7500.6 7502.97 7505.32 7507.6 7509.78 7511.8 7513.6 7515.1 7516.24 7516.95 7517.19 7516.95 7516.24 7515.1 7513.6 7511.8 7509.78 7507.6 7505.32 7502.97 7500.6 
7500.56 7498.24 7496.04 7493.98 7492.08 7490.4 7488.95 7487.77 7486.9 7486.37 7486.18 7486.37 7486.9 7487.77 7488.95 7490.4 7492.08 7493.98 7496.04 7498.24 7500.56 7502.97 7505.44 7507.94 7510.43 7512.86 7515.15 7517.23 7519.01 7520.37 7521.24 7521.53 7521.24 7520.37 7519.01 7517.23 7515.15 7512.86 7510.43 7507.94 7505.44 7502.97 
7502.81 7500.45 7498.24 7496.22 7494.39 7492.79 7491.43 7490.35 7489.55 7489.06 7488.9 7489.06 7489.55 7490.35 7491.43 7492.79 7494.39 7496.22 7498.24 7500.45 7502.81 7505.32 7507.94 7510.66 7513.42 7516.17 7518.84 7521.31 7523.47 7525.16 7526.25 7526.63 7526.25 7525.16 7523.47 7521.31 7518.84 7516.17 7513.42 7510.66 7507.94 7505.32 
7504.96 7502.51 7500.27 7498.24 7496.45 7494.89 7493.59 7492.56 7491.81 7491.36 7491.21 7491.36 7491.81 7492.56 7493.59 7494.89 7496.45 7498.24 7500.27 7502.51 7504.96 7507.6 7510.43 7513.42 7516.53 7519.7 7522.86 7525.87 7528.56 7530.73 7532.16 7532.66 7532.16 7530.73 7528.56 7525.87 7522.86 7519.7 7516.53 7513.42 7510.43 7507.6 
7506.96 7504.4 7502.09 7500.04 7498.24 7496.71 7495.44 7494.44 7493.72 7493.29 7493.14 7493.29 7493.72 7494.44 7495.44 7496.71 7498.24 7500.04 7502.09 7504.4 7506.96 7509.78 7512.86 7516.17 7519.7 7523.41 7527.19 7530.92 7534.37 7537.24 7539.19 7539.88 7539.19 7537.24 7534.37 7530.92 7527.19 7523.41 7519.7 7516.17 7512.86 7509.78 
7508.79 7506.09 7503.69 7501.59 7499.78 7498.24 7496.99 7496.01 7495.3 7494.88 7494.74 7494.88 7495.3 7496.01 7496.99 7498.24 7499.78 7501.59 7503.69 7506.09 7508.79 7511.8 7515.15 7518.84 7522.86 7527.19 7531.77 7536.44 7540.95 7544.89 7547.68 7548.72 7547.68 7544.89 7540.95 7536.44 7531.77 7527.19 7522.86 7518.84 7515.15 7511.8 
7510.38 7507.54 7505.05 7502.89 7501.05 7499.5 7498.24 7497.27 7496.58 7496.16 7496.02 7496.16 7496.58 7497.27 7498.24 7499.5 7501.05 7502.89 7505.05 7507.54 7510.38 7513.6 7517.23 7521.31 7525.87 7530.92 7536.44 7542.33 7548.33 7553.91 7558.17 7559.87 7558.17 7553.91 7548.33 7542.33 7536.44 7530.92 7525.87 7521.31 7517.23 7513.6 
7511.69 7508.72 7506.14 7503.93 7502.05 7500.48 7499.22 7498.24 7497.55 7497.14 7497 7497.14 7497.55 7498.24 7499.22 7500.48 7502.05 7503.93 7506.14 7508.72 7511.69 7515.1 7519.01 7523.47 7528.56 7534.37 7540.95 7548.33 7556.35 7564.5 7571.45 7574.69 7571.45 7564.5 7556.35 7548.33 7540.95 7534.37 7528.56 7523.47 7519.01 7515.1 
7512.67 7509.59 7506.94 7504.67 7502.76 7501.18 7499.91 7498.94 7498.24 7497.83 7497.7 7497.83 7498.24 7498.94 7499.91 7501.18 7502.76 7504.67 7506.94 7509.59 7512.67 7516.24 7520.37 7525.16 7530.73 7537.24 7544.89 7553.91 7564.5 7576.53 7588.7 7596.25 7588.7 7576.53 7564.5 7553.91 7544.89 7537.24 7530.73 7525.16 7520.37 7516.24 
7513.28 7510.12 7507.42 7505.13 7503.2 7501.61 7500.33 7499.35 7498.66 7498.24 7498.11 7498.24 7498.66 7499.35 7500.33 7501.61 7503.2 7505.13 7507.42 7510.12 7513.28 7516.95 7521.24 7526.25 7532.16 7539.19 7547.68 7558.17 7571.45 7588.7 7610.87 7633.18 7610.87 7588.7 7571.45 7558.17 7547.68 7539.19 7532.16 7526.25 7521.24 7516.95 
7513.48 7510.3 7507.59 7505.28 7503.34 7501.75 7500.47 7499.49 7498.79 7498.38 7498.24 7498.38 7498.79 7499.49 7500.47 7501.75 7503.34 7505.28 7507.59 7510.3 7513.48 7517.19 7521.53 7526.63 7532.66 7539.88 7548.72 7559.87 7574.69 7596.25 7633.18 7715.15 7633.18 7596.25 7574.69 7559.87 7548.72 7539.88 7532.66 7526.63 7521.53 7517.19 
7513.28 7510.12 7507.42 7505.13 7503.2 7501.61 7500.33 7499.35 7498.66 7498.24 7498.11 7498.24 7498.66 7499.35 7500.33 7501.61 7503.2 7505.13 7507.42 7510.12 7513.28 7516.95 7521.24 7526.25 7532.16 7539.19 7547.68 7558.17 7571.45 7588.7 7610.87 7633.18 7610.87 7588.7 7571.45 7558.17 7547.68 7539.19 7532.16 7526.25 7521.24 7516.95 
7512.67 7509.59 7506.94 7504.67 7502.76 7501.18 7499.91 7498.94 7498.24 7497.83 7497.7 7497.83 7498.24 7498.94 7499.91 7501.18 7502.76 7504.67 7506.94 7509.59 7512.67 7516.24 7520.37 7525.16 7530.73 7537.24 7544.89 7553.91 7564.5 7576.53 7588.7 7596.25 7588.7 7576.53 7564.5 7553.91 7544.89 7537.24 7530.73 7525.16 7520.37 7516.24 
7511.69 7508.72 7506.14 7503.93 7502.05 7500.48 7499.22 7498.24 7497.55 7497.14 7497 7497.14 7497.55 7498.24 7499.22 7500.48 7502.05 7503.93 7506.14 7508.72 7511.69 7515.1 7519.01 7523.47 7528.56 7534.37 7540.95 7548.33 7556.35 7564.5 7571.45 7574.69 7571.45 7564.5 7556.35 7548.33 7540.95 7534.37 7528.56 7523.47 7519.01 7515.1 
7510.38 7507.54 7505.05 7502.89 7501.05 7499.5 7498.24 7497.27 7496.58 7496.16 7496.02 7496.16 7496.58 7497.27 7498.24 7499.5 7501.05 7502.89 7505.05 7507.54 7510.38 7513.6 7517.23 7521.31 7525.87 7530.92 7536.44 7542.33 7548.33 7553.91 7558.17 7559.87 7558.17 7553.91 7548.33 7542.33 7536.44 7530.92 7525.87 7521.31 7517.23 7513.6 
7508.79 7506.09 7503.69 7501.59 7499.78 7498.24 7496.99 7496.01 7495.3 7494.88 7494.74 7494.88 7495.3 7496.01 7496.99 7498.24 7499.78 7501.59 7503.69 7506.09 7508.79 7511.8 7515.15 7518.84 7522.86 7527.19 7531.77 7536.44 7540.95 7544.89 7547.68 7548.72 7547.68 7544.89 7540.95 7536.44 7531.77 7527.19 7522.86 7518.84 7515.15 7511.8 
7506.96 7504.4 7502.09 7500.04 7498.24 7496.71 7495.44 7494.44 7493.72 7493.29 7493.14 7493.29 7493.72 7494.44 7495.44 7496.71 7498.24 7500.04 7502.09 7504.4 7506.96 7509.78 7512.86 7516.17 7519.7 7523.41 7527.19 7530.92 7534.37 7537.24 7539.19 7539.88 7539.19 7537.24 7534.37 7530.92 7527.19 7523.41 7519.7 7516.17 7512.86 7509.78 
7504.96 7502.51 7500.27 7498.24 7496.45 7494.89 7493.59 7492.56 7491.81 7491.36 7491.21 7491.36 7491.81 7492.56 7493.59 7494.89 7496.45 7498.24 7500.27 7502.51 7504.96 7507.6 7510.43 7513.42 7516.53 7519.7 7522.86 7525.87 7528.56 7530.73 7532.16 7532.66 7532.16 7530.73 7528.56 7525.87 7522.86 7519.7 7516.53 7513.42 7510.43 7507.6 
7502.81 7500.45 7498.24 7496.22 7494.39 7492.79 7491.43 7490.35 7489.55 7489.06 7488.9 7489.06 7489.55 7490.35 7491.43 7492.79 7494.39 7496.22 7498.24 7500.45 7502.81 7505.32 7507.94 7510.66 7513.42 7516.17 7518.84 7521.31 7523.47 7525.16 7526.25 7526.63 7526.25 7525.16 7523.47 7521.31 7518.84 7516.17 7513.42 7510.66 7507.94 7505.32 
7500.56 7498.24 7496.04 7493.98 7492.08 7490.4 7488.95 7487.77 7486.9 7486.37 7486.18 7486.37 7486.9 7487.77 7488.95 7490.4 7492.08 7493.98 7496.04 7498.24 7500.56 7502.97 7505.44 7507.94 7510.43 7512.86 7515.15 7517.23 7519.01 7520.37 7521.24 7521.53 7521.24 7520.37 7519.01 7517.23 7515.15 7512.86 7510.43 7507.94 7505.44 7502.97 
7498.24 7495.92 7493.67 7491.53 7489.52 7487.7 7486.11 7484.8 7483.82 7483.21 7483.01 7483.21 7483.82 7484.8 7486.11 7487.7 7489.52 7491.53 7493.67 7495.92 7498.24 7500.6 7502.97 7505.32 7507.6 7509.78 7511.8 7513.6 7515.1 7516.24 7516.95 7517.19 7516.95 7516.24 7515.1 7513.6 7511.8 7509.78 7507.6 7505.32 7502.97 7500.6 
