7495.16 7492.09 7489.06 7486.14 7483.37 7480.83 7478.59 7476.73 7475.34 7474.47 7474.17 7474.47 7475.34 7476.73 7478.59 7480.83 7483.37 7486.14 7489.06 7492.09 7495.16 7498.24 7501.26 7504.19 7506.98 7509.57 7511.92 7513.96 7515.62 7516.86 7517.63 7517.89 7517.63 7516.86 7515.62 7513.96 7511.92 7509.57 7506.98 7504.19 7501.26 7498.24 
7492.09 7488.92 7485.74 7482.61 7479.59 7476.78 7474.25 7472.13 7470.5 7469.48 7469.13 7469.48 7470.5 7472.13 7474.25 7476.78 7479.59 7482.61 7485.74 7488.92 7492.09 7495.21 7498.24 7501.12 7503.82 7506.3 7508.51 7510.41 7511.94 7513.07 7513.77 7514 7513.77 7513.07 7511.94 7510.41 7508.51 7506.3 7503.82 7501.12 7498.24 7495.21 
7489.06 7485.74 7482.34 7478.94 7475.6 7472.41 7469.5 7466.99 7465.03 7463.79 7463.36 7463.79 7465.03 7466.99 7469.5 7472.41 7475.6 7478.94 7482.34 7485.74 7489.06 7492.28 7495.35 7498.24 7500.9 7503.31 7505.44 7507.24 7508.68 7509.74 7510.38 7510.6 7510.38 7509.74 7508.68 7507.24 7505.44 7503.31 7500.9 7498.24 7495.35 7492.28 
7486.14 7482.61 7478.94 7475.19 7471.43 7467.75 7464.3 7461.25 7458.83 7457.25 7456.69 7457.25 7458.83 7461.25 7464.3 7467.75 7471.43 7475.19 7478.94 7482.61 7486.14 7489.5 7492.65 7495.57 7498.24 7500.62 7502.7 7504.44 7505.83 7506.84 7507.45 7507.65 7507.45 7506.84 7505.83 7504.44 7502.7 7500.62 7498.24 7495.57 7492.65 7489.5 
7483.37 7479.59 7475.6 7471.43 7467.14 7462.83 7458.67 7454.87 7451.74 7449.64 7448.89 7449.64 7451.74 7454.87 7458.67 7462.83 7467.14 7471.43 7475.6 7479.59 7483.37 7486.9 7490.17 7493.16 7495.85 7498.24 7500.29 7502.01 7503.36 7504.34 7504.93 7505.13 7504.93 7504.34 7503.36 7502.01 7500.29 7498.24 7495.85 7493.16 7490.17 7486.9 
7480.83 7476.78 7472.41 7467.75 7462.83 7457.74 7452.63 7447.78 7443.58 7440.64 7439.55 7440.64 7443.58 7447.78 7452.63 7457.74 7462.83 7467.75 7472.41 7476.78 7480.83 7484.56 7487.96 7491.03 7493.78 7496.18 7498.24 7499.94 7501.27 7502.24 7502.82 7503.01 7502.82 7502.24 7501.27 7499.94 7498.24 7496.18 7493.78 7491.03 7487.96 7484.56 
7478.59 7474.25 7469.5 7464.3 7458.67 7452.63 7446.31 7439.97 7434.14 7429.74 7427.99 7429.74 7434.14 7439.97 7446.31 7452.63 7458.67 7464.3 7469.5 7474.25 7478.59 7482.52 7486.07 7489.23 7492.03 7494.47 7496.54 7498.24 7499.57 7500.52 7501.09 7501.29 7501.09 7500.52 7499.57 7498.24 7496.54 7494.47 7492.03 7489.23 7486.07 7482.52 
7476.73 7472.13 7466.99 7461.25 7454.87 7447.78 7439.97 7431.61 7423.24 7416.15 7412.88 7416.15 7423.24 7431.61 7439.97 7447.78 7454.87 7461.25 7466.99 7472.13 7476.73 7480.86 7484.53 7487.79 7490.65 7493.11 7495.2 7496.91 7498.24 7499.19 7499.76 7499.95 7499.76 7499.19 7498.24 7496.91 7495.2 7493.11 7490.65 7487.79 7484.53 7480.86 
7475.34 7470.5 7465.03 7458.83 7451.74 7443.58 7434.14 7423.24 7410.99 7398.72 7391.17 7398.72 7410.99 7423.24 7434.14 7443.58 7451.74 7458.83 7465.03 7470.5 7475.34 7479.62 7483.4 7486.74 7489.64 7492.14 7494.24 7495.95 7497.29 7498.24 7498.81 7499 7498.81 7498.24 7497.29 7495.95 7494.24 7492.14 7489.64 7486.74 7483.4 7479.62 
7474.47 7469.48 7463.79 7457.25 7449.64 7440.64 7429.74 7416.15 7398.72 7376.53 7354.33 7376.53 7398.72 7416.15 7429.74 7440.64 7449.64 7457.25 7463.79 7469.48 7474.47 7478.85 7482.71 7486.09 7489.03 7491.54 7493.66 7495.38 7496.71 7497.67 7498.24 7498.43 7498.24 7497.67 7496.71 7495.38 7493.66 7491.54 7489.03 7486.09 7482.71 7478.85 
7474.17 7469.13 7463.36 7456.69 7448.89 7439.55 7427.99 7412.88 7391.17 7354.33 7273.15 7354.33 7391.17 7412.88 7427.99 7439.55 7448.89 7456.69 7463.36 7469.13 7474.17 7478.6 7482.48 7485.88 7488.82 7491.35 7493.46 7495.19 7496.52 7497.48 7498.05 7498.24 7498.05 7497.48 7496.52 7495.19 7493.46 7491.35 7488.82 7485.88 7482.48 7478.6 
7474.47 7469.48 7463.79 7457.25 7449.64 7440.64 7429.74 7416.15 7398.72 7376.53 7354.33 7376.53 7398.72 7416.15 7429.74 7440.64 7449.64 7457.25 7463.79 7469.48 7474.47 7478.85 7482.71 7486.09 7489.03 7491.54 7493.66 7495.38 7496.71 7497.67 7498.24 7498.43 7498.24 7497.67 7496.71 7495.38 7493.66 7491.54 7489.03 7486.09 7482.71 7478.85 
7475.34 7470.5 7465.03 7458.83 7451.74 7443.58 7434.14 7423.24 7410.99 7398.72 7391.17 7398.72 7410.99 7423.24 7434.14 7443.58 7451.74 7458.83 7465.03 7470.5 7475.34 7479.62 7483.4 7486.74 7489.64 7492.14 7494.24 7495.95 7497.29 7498.24 7498.81 7499 7498.81 7498.24 7497.29 7495.95 7494.24 7492.14 7489.64 7486.74 7483.4 7479.62 
7476.73 7472.13 7466.99 7461.25 7454.87 7447.78 7439.97 7431.61 7423.24 7416.15 7412.88 7416.15 7423.24 7431.61 7439.97 7447.78 7454.87 7461.25 7466.99 7472.13 7476.73 7480.86 7484.53 7487.79 7490.65 7493.11 7495.2 7496.91 7498.24 7499.19 7499.76 7499.95 7499.76 7499.19 7498.24 7496.91 7495.2 7493.11 7490.65 7487.79 7484.53 7480.86 
7478.59 7474.25 7469.5 7464.3 7458.67 7452.63 7446.31 7439.97 7434.14 7429.74 7427.99 7429.74 7434.14 7439.97 7446.31 7452.63 7458.67 7464.3 7469.5 7474.25 7478.59 7482.52 7486.07 7489.23 7492.03 7494.47 7496.54 7498.24 7499.57 7500.52 7501.09 7501.29 7501.09 7500.52 7499.57 7498.24 7496.54 7494.47 7492.03 7489.23 7486.07 7482.52 
7480.83 7476.78 7472.41 7467.75 7462.83 7457.74 7452.63 7447.78 7443.58 7440.64 7439.55 7440.64 7443.58 7447.78 7452.63 7457.74 7462.83 7467.75 7472.41 7476.78 7480.83 7484.56 7487.96 7491.03 7493.78 7496.18 7498.24 7499.94 7501.27 7502.24 7502.82 7503.01 7502.82 7502.24 7501.27 7499.94 7498.24 7496.18 7493.78 7491.03 7487.96 7484.56 
7483.37 7479.59 7475.6 7471.43 7467.14 7462.83 7458.67 7454.87 7451.74 7449.64 7448.89 7449.64 7451.74 7454.87 7458.67 7462.83 7467.14 7471.43 7475.6 7479.59 7483.37 7486.9 7490.17 7493.16 7495.85 7498.24 7500.29 7502.01 7503.36 7504.34 7504.93 7505.13 7504.93 7504.34 7503.36 7502.01 7500.29 7498.24 7495.85 7493.16 7490.17 7486.9 
7486.14 7482.61 7478.94 7475.19 7471.43 7467.75 7464.3 7461.25 7458.83 7457.25 7456.69 7457.25 7458.83 7461.25 7464.3 7467.75 7471.43 7475.19 7478.94 7482.61 7486.14 7489.5 7492.65 7495.57 7498.24 7500.62 7502.7 7504.44 7505.83 7506.84 7507.45 7507.65 7507.45 7506.84 7505.83 7504.44 7502.7 7500.62 7498.24 7495.57 7492.65 7489.5 
7489.06 7485.74 7482.34 7478.94 7475.6 7472.41 7469.5 7466.99 7465.03 7463.79 7463.36 7463.79 7465.03 7466.99 7469.5 7472.41 7475.6 7478.94 7482.34 7485.74 7489.06 7492.28 7495.35 7498.24 7500.9 7503.31 7505.44 7507.24 7508.68 7509.74 7510.38 7510.6 7510.38 7509.74 7508.68 7507.24 7505.44 7503.31 7500.9 7498.24 7495.35 7492.28 
7492.09 7488.92 7485.74 7482.61 7479.59 7476.78 7474.25 7472.13 7470.5 7469.48 7469.13 7469.48 7470.5 7472.13 7474.25 7476.78 7479.59 7482.61 7485.74 7488.92 7492.09 7495.21 7498.24 7501.12 7503.82 7506.3 7508.51 7510.41 7511.94 7513.07 7513.77 7514 7513.77 7513.07 7511.94 7510.41 7508.51 7506.3 7503.82 7501.12 7498.24 7495.21 
7495.16 7492.09 7489.06 7486.14 7483.37 7480.83 7478.59 7476.73 7475.34 7474.47 7474.17 7474.47 7475.34 7476.73 7478.59 7480.83 7483.37 7486.14 7489.06 7492.09 7495.16 7498.24 7501.26 7504.19 7506.98 7509.57 7511.92 7513.96 7515.62 7516.86 7517.63 7517.89 7517.63 7516.86 7515.62 7513.96 7511.92 7509.57 7506.98 7504.19 7501.26 7498.24 
7498.24 7495.21 7492.28 7489.5 7486.9 7484.56 7482.52 7480.86 7479.62 7478.85 7478.6 7478.85 7479.62 7480.86 7482.52 7484.56 7486.9 7489.5 7492.28 7495.21 7498.24 7501.31 7504.38 7507.41 7510.34 7513.11 7515.65 7517.89 7519.75 7521.15 7522.02 7522.32 7522.02 7521.15 7519.75 7517.89 7515.65 7513.11 7510.34 7507.41 7504.38 7501.31 
7501.26 7498.24 7495.35 7492.65 7490.17 7487.96 7486.07 7484.53 7483.4 7482.71 7482.48 7482.71 7483.4 7484.53 7486.07 7487.96 7490.17 7492.65 7495.35 7498.24 7501.26 7504.38 7507.56 7510.74 7513.87 7516.89 7519.7 7522.23 7524.36 7525.99 7527.01 7527.36 7527.01 7525.99 7524.36 7522.23 7519.7 7516.89 7513.87 7510.74 7507.56 7504.38 
7504.19 7501.12 7498.24 7495.57 7493.16 7491.03 7489.23 7487.79 7486.74 7486.09 7485.88 7486.09 7486.74 7487.79 7489.23 7491.03 7493.16 7495.57 7498.24 7501.12 7504.19 7507.41 7510.74 7514.14 7517.54 7520.89 7524.08 7527 7529.51 7531.47 7532.72 7533.15 7532.72 7531.47 7529.51 7527 7524.08 7520.89 7517.54 7514.14 7510.74 7507.41 
7506.98 7503.82 7500.9 7498.24 7495.85 7493.78 7492.03 7490.65 7489.64 7489.03 7488.82 7489.03 7489.64 7490.65 7492.03 7493.78 7495.85 7498.24 7500.9 7503.82 7506.98 7510.34 7513.87 7517.54 7521.3 7525.06 7528.74 7532.2 7535.25 7537.69 7539.27 7539.82 7539.27 7537.69 7535.25 7532.2 7528.74 7525.06 7521.3 7517.54 7513.87 7510.34 
7509.57 7506.3 7503.31 7500.62 7498.24 7496.18 7494.47 7493.11 7492.14 7491.54 7491.35 7491.54 7492.14 7493.11 7494.47 7496.18 7498.24 7500.62 7503.31 7506.3 7509.57 7513.11 7516.89 7520.89 7525.06 7529.36 7533.67 7537.85 7541.65 7544.79 7546.9 7547.65 7546.9 7544.79 7541.65 7537.85 7533.67 7529.36 7525.06 7520.89 7516.89 7513.11 
7511.92 7508.51 7505.44 7502.7 7500.29 7498.24 7496.54 7495.2 7494.24 7493.66 7493.46 7493.66 7494.24 7495.2 7496.54 7498.24 7500.29 7502.7 7505.44 7508.51 7511.92 7515.65 7519.7 7524.08 7528.74 7533.67 7538.77 7543.89 7548.77 7552.97 7555.92 7557.02 7555.92 7552.97 7548.77 7543.89 7538.77 7533.67 7528.74 7524.08 7519.7 7515.65 
7513.96 7510.41 7507.24 7504.44 7502.01 7499.94 7498.24 7496.91 7495.95 7495.38 7495.19 7495.38 7495.95 7496.91 7498.24 7499.94 7502.01 7504.44 7507.24 7510.41 7513.96 7517.89 7522.23 7527 7532.2 7537.85 7543.89 7550.23 7556.59 7562.44 7566.86 7568.62 7566.86 7562.44 7556.59 7550.23 7543.89 7537.85 7532.2 7527 7522.23 7517.89 
7515.62 7511.94 7508.68 7505.83 7503.36 7501.27 7499.57 7498.24 7497.29 7496.71 7496.52 7496.71 7497.29 7498.24 7499.57 7501.27 7503.36 7505.83 7508.68 7511.94 7515.62 7519.75 7524.36 7529.51 7535.25 7541.65 7548.77 7556.59 7564.98 7573.39 7580.51 7583.8 7580.51 7573.39 7564.98 7556.59 7548.77 7541.65 7535.25 7529.51 7524.36 7519.75 
7516.86 7513.07 7509.74 7506.84 7504.34 7502.24 7500.52 7499.19 7498.24 7497.67 7497.48 7497.67 7498.24 7499.19 7500.52 7502.24 7504.34 7506.84 7509.74 7513.07 7516.86 7521.15 7525.99 7531.47 7537.69 7544.79 7552.97 7562.44 7573.39 7585.7 7598.03 7605.63 7598.03 7585.7 7573.39 7562.44 7552.97 7544.79 7537.69 7531.47 7525.99 7521.15 
7517.63 7513.77 7510.38 7507.45 7504.93 7502.82 7501.09 7499.76 7498.81 7498.24 7498.05 7498.24 7498.81 7499.76 7501.09 7502.82 7504.93 7507.45 7510.38 7513.77 7517.63 7522.02 7527.01 7532.72 7539.27 7546.9 7555.92 7566.86 7580.51 7598.03 7620.36 7642.74 7620.36 7598.03 7580.51 7566.86 7555.92 7546.9 7539.27 7532.72 7527.01 7522.02 
7517.89 7514 7510.6 7507.65 7505.13 7503.01 7501.29 7499.95 7499 7498.43 7498.24 7498.43 7499 7499.95 7501.29 7503.01 7505.13 7507.65 7510.6 7514 7517.89 7522.32 7527.36 7533.15 7539.82 7547.65 7557.02 7568.62 7583.8 7605.63 7642.74 7724.79 7642.74 7605.63 7583.8 7568.62 7557.02 7547.65 7539.82 7533.15 7527.36 7522.32 
7517.63 7513.77 7510.38 7507.45 7504.93 7502.82 7501.09 7499.76 7498.81 7498.24 7498.05 7498.24 7498.81 7499.76 7501.09 7502.82 7504.93 7507.45 7510.38 7513.77 7517.63 7522.02 7527.01 7532.72 7539.27 7546.9 7555.92 7566.86 7580.51 7598.03 7620.36 7642.74 7620.36 7598.03 7580.51 7566.86 7555.92 7546.9 7539.27 7532.72 7527.01 7522.02 
7516.86 7513.07 7509.74 7506.84 7504.34 7502.24 7500.52 7499.19 7498.24 7497.67 7497.48 7497.67 7498.24 7499.19 7500.52 7502.24 7504.34 7506.84 7509.74 7513.07 7516.86 7521.15 7525.99 7531.47 7537.69 7544.79 7552.97 7562.44 7573.39 7585.7 7598.03 7605.63 7598.03 7585.7 7573.39 7562.44 7552.97 7544.79 7537.69 7531.47 7525.99 7521.15 
7515.62 7511.94 7508.68 7505.83 7503.36 7501.27 7499.57 7498.24 7497.29 7496.71 7496.52 7496.71 7497.29 7498.24 7499.57 7501.27 7503.36 7505.83 7508.68 7511.94 7515.62 7519.75 7524.36 7529.51 7535.25 7541.65 7548.77 7556.59 7564.98 7573.39 7580.51 7583.8 7580.51 7573.39 7564.98 7556.59 7548.77 7541.65 7535.25 7529.51 7524.36 7519.75 
7513.96 7510.41 7507.24 7504.44 7502.01 7499.94 7498.24 7496.91 7495.95 7495.38 7495.19 7495.38 7495.95 7496.91 7498.24 7499.94 7502.01 7504.44 7507.24 7510.41 7513.96 7517.89 7522.23 7527 7532.2 7537.85 7543.89 7550.23 7556.59 7562.44 7566.86 7568.62 7566.86 7562.44 7556.59 7550.23 7543.89 7537.85 7532.2 7527 7522.23 7517.89 
7511.92 7508.51 7505.44 7502.7 7500.29 7498.24 7496.54 7495.2 7494.24 7493.66 7493.46 7493.66 7494.24 7495.2 7496.54 7498.24 7500.29 7502.7 7505.44 7508.51 7511.92 7515.65 7519.7 7524.08 7528.74 7533.67 7538.77 7543.89 7548.77 7552.97 7555.92 7557.02 7555.92 7552.97 7548.77 7543.89 7538.77 7533.67 7528.74 7524.08 7519.7 7515.65 
7509.57 7506.3 7503.31 7500.62 7498.24 7496.18 7494.47 7493.11 7492.14 7491.54 7491.35 7491.54 7492.14 7493.11 7494.47 7496.18 7498.24 7500.62 7503.31 7506.3 7509.57 7513.11 7516.89 7520.89 7525.06 7529.36 7533.67 7537.85 7541.65 7544.79 7546.9 7547.65 7546.9 7544.79 7541.65 7537.85 7533.67 7529.36 7525.06 7520.89 7516.89 7513.11 
7506.98 7503.82 7500.9 7498.24 7495.85 7493.78 7492.03 7490.65 7489.64 7489.03 7488.82 7489.03 7489.64 7490.65 7492.03 7493.78 7495.85 7498.24 7500.9 7503.82 7506.98 7510.34 7513.87 7517.54 7521.3 7525.06 7528.74 7532.2 7535.25 7537.69 7539.27 7539.82 7539.27 7537.69 7535.25 7532.2 7528.74 7525.06 7521.3 7517.54 7513.87 7510.34 
7504.19 7501.12 7498.24 7495.57 7493.16 7491.03 7489.23 7487.79 7486.74 7486.09 7485.88 7486.09 7486.74 7487.79 7489.23 7491.03 7493.16 7495.57 7498.24 7501.12 7504.19 7507.41 7510.74 7514.14 7517.54 7520.89 7524.08 7527 7529.51 7531.47 7532.72 7533.15 7532.72 7531.47 7529.51 7527 7524.08 7520.89 7517.54 7514.14 7510.74 7507.41 
7501.26 7498.24 7495.35 7492.65 7490.17 7487.96 7486.07 7484.53 7483.4 7482.71 7482.48 7482.71 7483.4 7484.53 7486.07 7487.96 7490.17 7492.65 7495.35 7498.24 7501.26 7504.38 7507.56 7510.74 7513.87 7516.89 7519.7 7522.23 7524.36 7525.99 7527.01 7527.36 7527.01 7525.99 7524.36 7522.23 7519.7 7516.89 7513.87 7510.74 7507.56 7504.38 
7498.24 7495.21 7492.28 7489.5 7486.9 7484.56 7482.52 7480.86 7479.62 7478.85 7478.6 7478.85 7479.62 7480.86 7482.52 7484.56 7486.9 7489.5 7492.28 7495.21 7498.24 7501.31 7504.38 7507.41 7510.34 7513.11 7515.65 7517.89 7519.75 7521.15 7522.02 7522.32 7522.02 7521.15 7519.75 7517.89 7515.65 7513.11 7510.34 7507.41 7504.38 7501.31 
