7497.61 7496.95 7496.27 7495.57 7494.85 7494.14 7493.47 7492.88 7492.41 7492.11 7492.01 7492.11 7492.41 7492.88 7493.47 7494.14 7494.85 7495.57 7496.27 7496.95 7497.61 7498.25 7498.87 7499.48 7500.08 7500.67 7501.22 7501.73 7502.17 7502.51 7502.73 7502.8 7502.73 7502.51 7502.17 7501.73 7501.22 7500.67 7500.08 7499.48 7498.87 7498.25 
7496.95 7496.22 7495.42 7494.56 7493.65 7492.73 7491.83 7491.01 7490.35 7489.92 7489.77 7489.92 7490.35 7491.01 7491.83 7492.73 7493.65 7494.56 7495.42 7496.22 7496.95 7497.63 7498.25 7498.83 7499.37 7499.86 7500.32 7500.73 7501.06 7501.32 7501.48 7501.54 7501.48 7501.32 7501.06 7500.73 7500.32 7499.86 7499.37 7498.83 7498.25 7497.63 
7496.27 7495.42 7494.46 7493.38 7492.21 7490.98 7489.75 7488.61 7487.66 7487.04 7486.82 7487.04 7487.66 7488.61 7489.75 7490.98 7492.21 7493.38 7494.46 7495.42 7496.27 7497.02 7497.67 7498.25 7498.76 7499.21 7499.61 7499.94 7500.22 7500.42 7500.54 7500.59 7500.54 7500.42 7500.22 7499.94 7499.61 7499.21 7498.76 7498.25 7497.67 7497.02 
7495.57 7494.56 7493.38 7492.03 7490.51 7488.86 7487.16 7485.54 7484.17 7483.24 7482.9 7483.24 7484.17 7485.54 7487.16 7488.86 7490.51 7492.03 7493.38 7494.56 7495.57 7496.42 7497.14 7497.74 7498.25 7498.68 7499.04 7499.34 7499.57 7499.74 7499.84 7499.88 7499.84 7499.74 7499.57 7499.34 7499.04 7498.68 7498.25 7497.74 7497.14 7496.42 
7494.85 7493.65 7492.21 7490.51 7488.54 7486.33 7483.99 7481.68 7479.66 7478.24 7477.72 7478.24 7479.66 7481.68 7483.99 7486.33 7488.54 7490.51 7492.21 7493.65 7494.85 7495.83 7496.64 7497.29 7497.82 7498.25 7498.6 7498.87 7499.08 7499.23 7499.32 7499.35 7499.32 7499.23 7499.08 7498.87 7498.6 7498.25 7497.82 7497.29 7496.64 7495.83 
7494.14 7492.73 7490.98 7488.86 7486.33 7483.42 7480.21 7476.9 7473.86 7471.62 7470.77 7471.62 7473.86 7476.9 7480.21 7483.42 7486.33 7488.86 7490.98 7492.73 7494.14 7495.28 7496.18 7496.89 7497.46 7497.9 7498.25 7498.52 7498.72 7498.85 7498.93 7498.96 7498.93 7498.85 7498.72 7498.52 7498.25 7497.9 7497.46 7496.89 7496.18 7495.28 
7493.47 7491.83 7489.75 7487.16 7483.99 7480.21 7475.85 7471.12 7466.48 7462.81 7461.31 7462.81 7466.48 7471.12 7475.85 7480.21 7483.99 7487.16 7489.75 7491.83 7493.47 7494.77 7495.78 7496.56 7497.16 7497.63 7497.98 7498.25 7498.45 7498.58 7498.65 7498.68 7498.65 7498.58 7498.45 7498.25 7497.98 7497.63 7497.16 7496.56 7495.78 7494.77 
7492.88 7491.01 7488.61 7485.54 7481.68 7476.9 7471.12 7464.41 7457.27 7450.94 7447.92 7450.94 7457.27 7464.41 7471.12 7476.9 7481.68 7485.54 7488.61 7491.01 7492.88 7494.33 7495.44 7496.29 7496.93 7497.42 7497.79 7498.06 7498.25 7498.38 7498.46 7498.48 7498.46 7498.38 7498.25 7498.06 7497.79 7497.42 7496.93 7496.29 7495.44 7494.33 
7492.41 7490.35 7487.66 7484.17 7479.66 7473.86 7466.48 7457.27 7446.27 7434.78 7427.48 7434.78 7446.27 7457.27 7466.48 7473.86 7479.66 7484.17 7487.66 7490.35 7492.41 7493.99 7495.18 7496.08 7496.76 7497.27 7497.65 7497.93 7498.12 7498.25 7498.33 7498.35 7498.33 7498.25 7498.12 7497.93 7497.65 7497.27 7496.76 7496.08 7495.18 7493.99 
7492.11 7489.92 7487.04 7483.24 7478.24 7471.62 7462.81 7450.94 7434.78 7413.36 7391.41 7413.36 7434.78 7450.94 7462.81 7471.62 7478.24 7483.24 7487.04 7489.92 7492.11 7493.77 7495.02 7495.96 7496.66 7497.18 7497.57 7497.85 7498.05 7498.18 7498.25 7498.28 7498.25 7498.18 7498.05 7497.85 7497.57 7497.18 7496.66 7495.96 7495.02 7493.77 
7492.01 7489.77 7486.82 7482.9 7477.72 7470.77 7461.31 7447.92 7427.48 7391.41 7310.43 7391.41 7427.48 7447.92 7461.31 7470.77 7477.72 7482.9 7486.82 7489.77 7492.01 7493.69 7494.96 7495.92 7496.63 7497.15 7497.54 7497.82 7498.02 7498.15 7498.23 7498.25 7498.23 7498.15 7498.02 7497.82 7497.54 7497.15 7496.63 7495.92 7494.96 7493.69 
7492.11 7489.92 7487.04 7483.24 7478.24 7471.62 7462.81 7450.94 7434.78 7413.36 7391.41 7413.36 7434.78 7450.94 7462.81 7471.62 7478.24 7483.24 7487.04 7489.92 7492.11 7493.77 7495.02 7495.96 7496.66 7497.18 7497.57 7497.85 7498.05 7498.18 7498.25 7498.28 7498.25 7498.18 7498.05 7497.85 7497.57 7497.18 7496.66 7495.96 7495.02 7493.77 
7492.41 7490.35 7487.66 7484.17 7479.66 7473.86 7466.48 7457.27 7446.27 7434.78 7427.48 7434.78 7446.27 7457.27 7466.48 7473.86 7479.66 7484.17 7487.66 7490.35 7492.41 7493.99 7495.18 7496.08 7496.76 7497.27 7497.65 7497.93 7498.12 7498.25 7498.33 7498.35 7498.33 7498.25 7498.12 7497.93 7497.65 7497.27 7496.76 7496.08 7495.18 7493.99 
7492.88 7491.01 7488.61 7485.54 7481.68 7476.9 7471.12 7464.41 7457.27 7450.94 7447.92 7450.94 7457.27 7464.41 7471.12 7476.9 7481.68 7485.54 7488.61 7491.01 7492.88 7494.33 7495.44 7496.29 7496.93 7497.42 7497.79 7498.06 7498.25 7498.38 7498.46 7498.48 7498.46 7498.38 7498.25 7498.06 7497.79 7497.42 7496.93 7496.29 7495.44 7494.33 
7493.47 7491.83 7489.75 7487.16 7483.99 7480.21 7475.85 7471.12 7466.48 7462.81 7461.31 7462.81 7466.48 7471.12 7475.85 7480.21 7483.99 7487.16 7489.75 7491.83 7493.47 7494.77 7495.78 7496.56 7497.16 7497.63 7497.98 7498.25 7498.45 7498.58 7498.65 7498.68 7498.65 7498.58 7498.45 7498.25 7497.98 7497.63 7497.16 7496.56 7495.78 7494.77 
7494.14 7492.73 7490.98 7488.86 7486.33 7483.42 7480.21 7476.9 7473.86 7471.62 7470.77 7471.62 7473.86 7476.9 7480.21 7483.42 7486.33 7488.86 7490.98 7492.73 7494.14 7495.28 7496.18 7496.89 7497.46 7497.9 7498.25 7498.52 7498.72 7498.85 7498.93 7498.96 7498.93 7498.85 7498.72 7498.52 7498.25 7497.9 7497.46 7496.89 7496.18 7495.28 
7494.85 7493.65 7492.21 7490.51 7488.54 7486.33 7483.99 7481.68 7479.66 7478.24 7477.72 7478.24 7479.66 7481.68 7483.99 7486.33 7488.54 7490.51 7492.21 7493.65 7494.85 7495.83 7496.64 7497.29 7497.82 7498.25 7498.6 7498.87 7499.08 7499.23 7499.32 7499.35 7499.32 7499.23 7499.08 7498.87 7498.6 7498.25 7497.82 7497.29 7496.64 7495.83 
7495.57 7494.56 7493.38 7492.03 7490.51 7488.86 7487.16 7485.54 7484.17 7483.24 7482.9 7483.24 7484.17 7485.54 7487.16 7488.86 7490.51 7492.03 7493.38 7494.56 7495.57 7496.42 7497.14 7497.74 7498.25 7498.68 7499.04 7499.34 7499.57 7499.74 7499.84 7499.88 7499.84 7499.74 7499.57 7499.34 7499.04 7498.68 7498.25 7497.74 7497.14 7496.42 
7496.27 7495.42 7494.46 7493.38 7492.21 7490.98 7489.75 7488.61 7487.66 7487.04 7486.82 7487.04 7487.66 7488.61 7489.75 7490.98 7492.21 7493.38 7494.46 7495.42 7496.27 7497.02 7497.67 7498.25 7498.76 7499.21 7499.61 7499.94 7500.22 7500.42 7500.54 7500.59 7500.54 7500.42 7500.22 7499.94 7499.61 7499.21 7498.76 7498.25 7497.67 7497.02 
7496.95 7496.22 7495.42 7494.56 7493.65 7492.73 7491.83 7491.01 7490.35 7489.92 7489.77 7489.92 7490.35 7491.01 7491.83 7492.73 7493.65 7494.56 7495.42 7496.22 7496.95 7497.63 7498.25 7498.83 7499.37 7499.86 7500.32 7500.73 7501.06 7501.32 7501.48 7501.54 7501.48 7501.32 7501.06 7500.73 7500.32 7499.86 7499.37 7498.83 7498.25 7497.63 
7497.61 7496.95 7496.27 7495.57 7494.85 7494.14 7493.47 7492.88 7492.41 7492.11 7492.01 7492.11 7492.41 7492.88 7493.47 7494.14 7494.85 7495.57 7496.27 7496.95 7497.61 7498.25 7498.87 7499.48 7500.08 7500.67 7501.22 7501.73 7502.17 7502.51 7502.73 7502.8 7502.73 7502.51 7502.17 7501.73 7501.22 7500.67 7500.08 7499.48 7498.87 7498.25 
7498.25 7497.63 7497.02 7496.42 7495.83 7495.28 7494.77 7494.33 7493.99 7493.77 7493.69 7493.77 7493.99 7494.33 7494.77 7495.28 7495.83 7496.42 7497.02 7497.63 7498.25 7498.89 7499.55 7500.23 7500.93 7501.65 7502.36 7503.03 7503.62 7504.08 7504.39 7504.49 7504.39 7504.08 7503.62 7503.03 7502.36 7501.65 7500.93 7500.23 7499.55 7498.89 
7498.87 7498.25 7497.67 7497.14 7496.64 7496.18 7495.78 7495.44 7495.18 7495.02 7494.96 7495.02 7495.18 7495.44 7495.78 7496.18 7496.64 7497.14 7497.67 7498.25 7498.87 7499.55 7500.28 7501.08 7501.94 7502.84 7503.77 7504.67 7505.49 7506.14 7506.57 7506.72 7506.57 7506.14 7505.49 7504.67 7503.77 7502.84 7501.94 7501.08 7500.28 7499.55 
7499.48 7498.83 7498.25 7497.74 7497.29 7496.89 7496.56 7496.29 7496.08 7495.96 7495.92 7495.96 7496.08 7496.29 7496.56 7496.89 7497.29 7497.74 7498.25 7498.83 7499.48 7500.23 7501.08 7502.04 7503.11 7504.28 7505.52 7506.75 7507.89 7508.83 7509.46 7509.68 7509.46 7508.83 7507.89 7506.75 7505.52 7504.28 7503.11 7502.04 7501.08 7500.23 
7500.08 7499.37 7498.76 7498.25 7497.82 7497.46 7497.16 7496.93 7496.76 7496.66 7496.63 7496.66 7496.76 7496.93 7497.16 7497.46 7497.82 7498.25 7498.76 7499.37 7500.08 7500.93 7501.94 7503.11 7504.47 7505.99 7507.64 7509.33 7510.95 7512.32 7513.26 7513.59 7513.26 7512.32 7510.95 7509.33 7507.64 7505.99 7504.47 7503.11 7501.94 7500.93 
7500.67 7499.86 7499.21 7498.68 7498.25 7497.9 7497.63 7497.42 7497.27 7497.18 7497.15 7497.18 7497.27 7497.42 7497.63 7497.9 7498.25 7498.68 7499.21 7499.86 7500.67 7501.65 7502.84 7504.28 7505.99 7507.96 7510.16 7512.5 7514.81 7516.84 7518.26 7518.78 7518.26 7516.84 7514.81 7512.5 7510.16 7507.96 7505.99 7504.28 7502.84 7501.65 
7501.22 7500.32 7499.61 7499.04 7498.6 7498.25 7497.98 7497.79 7497.65 7497.57 7497.54 7497.57 7497.65 7497.79 7497.98 7498.25 7498.6 7499.04 7499.61 7500.32 7501.22 7502.36 7503.77 7505.52 7507.64 7510.16 7513.07 7516.28 7519.59 7522.64 7524.87 7525.73 7524.87 7522.64 7519.59 7516.28 7513.07 7510.16 7507.64 7505.52 7503.77 7502.36 
7501.73 7500.73 7499.94 7499.34 7498.87 7498.52 7498.25 7498.06 7497.93 7497.85 7497.82 7497.85 7497.93 7498.06 7498.25 7498.52 7498.87 7499.34 7499.94 7500.73 7501.73 7503.03 7504.67 7506.75 7509.33 7512.5 7516.28 7520.64 7525.38 7530.02 7533.69 7535.2 7533.69 7530.02 7525.38 7520.64 7516.28 7512.5 7509.33 7506.75 7504.67 7503.03 
7502.17 7501.06 7500.22 7499.57 7499.08 7498.72 7498.45 7498.25 7498.12 7498.05 7498.02 7498.05 7498.12 7498.25 7498.45 7498.72 7499.08 7499.57 7500.22 7501.06 7502.17 7503.62 7505.49 7507.89 7510.95 7514.81 7519.59 7525.38 7532.09 7539.25 7545.59 7548.62 7545.59 7539.25 7532.09 7525.38 7519.59 7514.81 7510.95 7507.89 7505.49 7503.62 
7502.51 7501.32 7500.42 7499.74 7499.23 7498.85 7498.58 7498.38 7498.25 7498.18 7498.15 7498.18 7498.25 7498.38 7498.58 7498.85 7499.23 7499.74 7500.42 7501.32 7502.51 7504.08 7506.14 7508.83 7512.32 7516.84 7522.64 7530.02 7539.25 7550.27 7561.8 7569.12 7561.8 7550.27 7539.25 7530.02 7522.64 7516.84 7512.32 7508.83 7506.14 7504.08 
7502.73 7501.48 7500.54 7499.84 7499.32 7498.93 7498.65 7498.46 7498.33 7498.25 7498.23 7498.25 7498.33 7498.46 7498.65 7498.93 7499.32 7499.84 7500.54 7501.48 7502.73 7504.39 7506.57 7509.46 7513.26 7518.26 7524.87 7533.69 7545.59 7561.8 7583.3 7605.37 7583.3 7561.8 7545.59 7533.69 7524.87 7518.26 7513.26 7509.46 7506.57 7504.39 
7502.8 7501.54 7500.59 7499.88 7499.35 7498.96 7498.68 7498.48 7498.35 7498.28 7498.25 7498.28 7498.35 7498.48 7498.68 7498.96 7499.35 7499.88 7500.59 7501.54 7502.8 7504.49 7506.72 7509.68 7513.59 7518.78 7525.73 7535.2 7548.62 7569.12 7605.37 7687.05 7605.37 7569.12 7548.62 7535.2 7525.73 7518.78 7513.59 7509.68 7506.72 7504.49 
7502.73 7501.48 7500.54 7499.84 7499.32 7498.93 7498.65 7498.46 7498.33 7498.25 7498.23 7498.25 7498.33 7498.46 7498.65 7498.93 7499.32 7499.84 7500.54 7501.48 7502.73 7504.39 7506.57 7509.46 7513.26 7518.26 7524.87 7533.69 7545.59 7561.8 7583.3 7605.37 7583.3 7561.8 7545.59 7533.69 7524.87 7518.26 7513.26 7509.46 7506.57 7504.39 
7502.51 7501.32 7500.42 7499.74 7499.23 7498.85 7498.58 7498.38 7498.25 7498.18 7498.15 7498.18 7498.25 7498.38 7498.58 7498.85 7499.23 7499.74 7500.42 7501.32 7502.51 7504.08 7506.14 7508.83 7512.32 7516.84 7522.64 7530.02 7539.25 7550.27 7561.8 7569.12 7561.8 7550.27 7539.25 7530.02 7522.64 7516.84 7512.32 7508.83 7506.14 7504.08 
7502.17 7501.06 7500.22 7499.57 7499.08 7498.72 7498.45 7498.25 7498.12 7498.05 7498.02 7498.05 7498.12 7498.25 7498.45 7498.72 7499.08 7499.57 7500.22 7501.06 7502.17 7503.62 7505.49 7507.89 7510.95 7514.81 7519.59 7525.38 7532.09 7539.25 7545.59 7548.62 7545.59 7539.25 7532.09 7525.38 7519.59 7514.81 7510.95 7507.89 7505.49 7503.62 
7501.73 7500.73 7499.94 7499.34 7498.87 7498.52 7498.25 7498.06 7497.93 7497.85 7497.82 7497.85 7497.93 7498.06 7498.25 7498.52 7498.87 7499.34 7499.94 7500.73 7501.73 7503.03 7504.67 7506.75 7509.33 7512.5 7516.28 7520.64 7525.38 7530.02 7533.69 7535.2 7533.69 7530.02 7525.38 7520.64 7516.28 7512.5 7509.33 7506.75 7504.67 7503.03 
7501.22 7500.32 7499.61 7499.04 7498.6 7498.25 7497.98 7497.79 7497.65 7497.57 7497.54 7497.57 7497.65 7497.79 7497.98 7498.25 7498.6 7499.04 7499.61 7500.32 7501.22 7502.36 7503.77 7505.52 7507.64 7510.16 7513.07 7516.28 7519.59 7522.64 7524.87 7525.73 7524.87 7522.64 7519.59 7516.28 7513.07 7510.16 7507.64 7505.52 7503.77 7502.36 
7500.67 7499.86 7499.21 7498.68 7498.25 7497.9 7497.63 7497.42 7497.27 7497.18 7497.15 7497.18 7497.27 7497.42 7497.63 7497.9 7498.25 7498.68 7499.21 7499.86 7500.67 7501.65 7502.84 7504.28 7505.99 7507.96 7510.16 7512.5 7514.81 7516.84 7518.26 7518.78 7518.26 7516.84 7514.81 7512.5 7510.16 7507.96 7505.99 7504.28 7502.84 7501.65 
7500.08 7499.37 7498.76 7498.25 7497.82 7497.46 7497.16 7496.93 7496.76 7496.66 7496.63 7496.66 7496.76 7496.93 7497.16 7497.46 7497.82 7498.25 7498.76 7499.37 7500.08 7500.93 7501.94 7503.11 7504.47 7505.99 7507.64 7509.33 7510.95 7512.32 7513.26 7513.59 7513.26 7512.32 7510.95 7509.33 7507.64 7505.99 7504.47 7503.11 7501.94 7500.93 
7499.48 7498.83 7498.25 7497.74 7497.29 7496.89 7496.56 7496.29 7496.08 7495.96 7495.92 7495.96 7496.08 7496.29 7496.56 7496.89 7497.29 7497.74 7498.25 7498.83 7499.48 7500.23 7501.08 7502.04 7503.11 7504.28 7505.52 7506.75 7507.89 7508.83 7509.46 7509.68 7509.46 7508.83 7507.89 7506.75 7505.52 7504.28 7503.11 7502.04 7501.08 7500.23 
7498.87 7498.25 7497.67 7497.14 7496.64 7496.18 7495.78 7495.44 7495.18 7495.02 7494.96 7495.02 7495.18 7495.44 7495.78 7496.18 7496.64 7497.14 7497.67 7498.25 7498.87 7499.55 7500.28 7501.08 7501.94 7502.84 7503.77 7504.67 7505.49 7506.14 7506.57 7506.72 7506.57 7506.14 7505.49 7504.67 7503.77 7502.84 7501.94 7501.08 7500.28 7499.55 
7498.25 7497.63 7497.02 7496.42 7495.83 7495.28 7494.77 7494.33 7493.99 7493.77 7493.69 7493.77 7493.99 7494.33 7494.77 7495.28 7495.83 7496.42 7497.02 7497.63 7498.25 7498.89 7499.55 7500.23 7500.93 7501.65 7502.36 7503.03 7503.62 7504.08 7504.39 7504.49 7504.39 7504.08 7503.62 7503.03 7502.36 7501.65 7500.93 7500.23 7499.55 7498.89 
