7495.49 7492.74 7490.03 7487.4 7484.9 7482.6 7480.56 7478.87 7477.59 7476.79 7476.52 7476.79 7477.59 7478.87 7480.56 7482.6 7484.9 7487.4 7490.03 7492.74 7495.49 7498.24 7500.94 7503.56 7506.05 7508.38 7510.48 7512.31 7513.82 7514.94 7515.63 7515.86 7515.63 7514.94 7513.82 7512.31 7510.48 7508.38 7506.05 7503.56 7500.94 7498.24 
7492.74 7489.89 7487.02 7484.19 7481.45 7478.87 7476.55 7474.58 7473.08 7472.13 7471.8 7472.13 7473.08 7474.58 7476.55 7478.87 7481.45 7484.19 7487.02 7489.89 7492.74 7495.54 7498.24 7500.81 7503.22 7505.43 7507.4 7509.09 7510.46 7511.47 7512.09 7512.3 7512.09 7511.47 7510.46 7509.09 7507.4 7505.43 7503.22 7500.81 7498.24 7495.54 
7490.03 7487.02 7483.94 7480.83 7477.76 7474.82 7472.1 7469.75 7467.92 7466.75 7466.34 7466.75 7467.92 7469.75 7472.1 7474.82 7477.76 7480.83 7483.94 7487.02 7490.03 7492.92 7495.67 7498.24 7500.61 7502.75 7504.64 7506.24 7507.52 7508.45 7509.02 7509.22 7509.02 7508.45 7507.52 7506.24 7504.64 7502.75 7500.61 7498.24 7495.67 7492.92 
7487.4 7484.19 7480.83 7477.38 7473.88 7470.45 7467.2 7464.32 7462.01 7460.5 7459.97 7460.5 7462.01 7464.32 7467.2 7470.45 7473.88 7477.38 7480.83 7484.19 7487.4 7490.43 7493.26 7495.87 7498.24 7500.35 7502.19 7503.73 7504.95 7505.84 7506.38 7506.56 7506.38 7505.84 7504.95 7503.73 7502.19 7500.35 7498.24 7495.87 7493.26 7490.43 
7484.9 7481.45 7477.76 7473.88 7469.86 7465.8 7461.84 7458.2 7455.19 7453.16 7452.44 7453.16 7455.19 7458.2 7461.84 7465.8 7469.86 7473.88 7477.76 7481.45 7484.9 7488.1 7491.05 7493.73 7496.13 7498.24 7500.06 7501.57 7502.76 7503.62 7504.13 7504.31 7504.13 7503.62 7502.76 7501.57 7500.06 7498.24 7496.13 7493.73 7491.05 7488.1 
7482.6 7478.87 7474.82 7470.45 7465.8 7460.95 7456.04 7451.34 7447.27 7444.4 7443.33 7444.4 7447.27 7451.34 7456.04 7460.95 7465.8 7470.45 7474.82 7478.87 7482.6 7486 7489.08 7491.84 7494.29 7496.42 7498.24 7499.74 7500.91 7501.75 7502.26 7502.43 7502.26 7501.75 7500.91 7499.74 7498.24 7496.42 7494.29 7491.84 7489.08 7486 
7480.56 7476.55 7472.1 7467.2 7461.84 7456.04 7449.92 7443.74 7438.04 7433.7 7431.97 7433.7 7438.04 7443.74 7449.92 7456.04 7461.84 7467.2 7472.1 7476.55 7480.56 7484.17 7487.39 7490.24 7492.75 7494.91 7496.74 7498.24 7499.41 7500.24 7500.74 7500.91 7500.74 7500.24 7499.41 7498.24 7496.74 7494.91 7492.75 7490.24 7487.39 7484.17 
7478.87 7474.58 7469.75 7464.32 7458.2 7451.34 7443.74 7435.55 7427.29 7420.28 7417.02 7420.28 7427.29 7435.55 7443.74 7451.34 7458.2 7464.32 7469.75 7474.58 7478.87 7482.67 7486.02 7488.97 7491.53 7493.72 7495.57 7497.07 7498.24 7499.07 7499.57 7499.74 7499.57 7499.07 7498.24 7497.07 7495.57 7493.72 7491.53 7488.97 7486.02 7482.67 
7477.59 7473.08 7467.92 7462.01 7455.19 7447.27 7438.04 7427.29 7415.16 7402.96 7395.43 7402.96 7415.16 7427.29 7438.04 7447.27 7455.19 7462.01 7467.92 7473.08 7477.59 7481.55 7485.01 7488.03 7490.64 7492.87 7494.73 7496.24 7497.41 7498.24 7498.74 7498.9 7498.74 7498.24 7497.41 7496.24 7494.73 7492.87 7490.64 7488.03 7485.01 7481.55 
7476.79 7472.13 7466.75 7460.5 7453.16 7444.4 7433.7 7420.28 7402.96 7380.84 7358.67 7380.84 7402.96 7420.28 7433.7 7444.4 7453.16 7460.5 7466.75 7472.13 7476.79 7480.85 7484.39 7487.46 7490.1 7492.35 7494.22 7495.74 7496.91 7497.74 7498.24 7498.41 7498.24 7497.74 7496.91 7495.74 7494.22 7492.35 7490.1 7487.46 7484.39 7480.85 
7476.52 7471.8 7466.34 7459.97 7452.44 7443.33 7431.97 7417.02 7395.43 7358.67 7277.5 7358.67 7395.43 7417.02 7431.97 7443.33 7452.44 7459.97 7466.34 7471.8 7476.52 7480.62 7484.18 7487.27 7489.92 7492.17 7494.05 7495.57 7496.74 7497.58 7498.08 7498.24 7498.08 7497.58 7496.74 7495.57 7494.05 7492.17 7489.92 7487.27 7484.18 7480.62 
7476.79 7472.13 7466.75 7460.5 7453.16 7444.4 7433.7 7420.28 7402.96 7380.84 7358.67 7380.84 7402.96 7420.28 7433.7 7444.4 7453.16 7460.5 7466.75 7472.13 7476.79 7480.85 7484.39 7487.46 7490.1 7492.35 7494.22 7495.74 7496.91 7497.74 7498.24 7498.41 7498.24 7497.74 7496.91 7495.74 7494.22 7492.35 7490.1 7487.46 7484.39 7480.85 
7477.59 7473.08 7467.92 7462.01 7455.19 7447.27 7438.04 7427.29 7415.16 7402.96 7395.43 7402.96 7415.16 7427.29 7438.04 7447.27 7455.19 7462.01 7467.92 7473.08 7477.59 7481.55 7485.01 7488.03 7490.64 7492.87 7494.73 7496.24 7497.41 7498.24 7498.74 7498.9 7498.74 7498.24 7497.41 7496.24 7494.73 7492.87 7490.64 7488.03 7485.01 7481.55 
7478.87 7474.58 7469.75 7464.32 7458.2 7451.34 7443.74 7435.55 7427.29 7420.28 7417.02 7420.28 7427.29 7435.55 7443.74 7451.34 7458.2 7464.32 7469.75 7474.58 7478.87 7482.67 7486.02 7488.97 7491.53 7493.72 7495.57 7497.07 7498.24 7499.07 7499.57 7499.74 7499.57 7499.07 7498.24 7497.07 7495.57 7493.72 7491.53 7488.97 7486.02 7482.67 
7480.56 7476.55 7472.1 7467.2 7461.84 7456.04 7449.92 7443.74 7438.04 7433.7 7431.97 7433.7 7438.04 7443.74 7449.92 7456.04 7461.84 7467.2 7472.1 7476.55 7480.56 7484.17 7487.39 7490.24 7492.75 7494.91 7496.74 7498.24 7499.41 7500.24 7500.74 7500.91 7500.74 7500.24 7499.41 7498.24 7496.74 7494.91 7492.75 7490.24 7487.39 7484.17 
7482.6 7478.87 7474.82 7470.45 7465.8 7460.95 7456.04 7451.34 7447.27 7444.4 7443.33 7444.4 7447.27 7451.34 7456.04 7460.95 7465.8 7470.45 7474.82 7478.87 7482.6 7486 7489.08 7491.84 7494.29 7496.42 7498.24 7499.74 7500.91 7501.75 7502.26 7502.43 7502.26 7501.75 7500.91 7499.74 7498.24 7496.42 7494.29 7491.84 7489.08 7486 
7484.9 7481.45 7477.76 7473.88 7469.86 7465.8 7461.84 7458.2 7455.19 7453.16 7452.44 7453.16 7455.19 7458.2 7461.84 7465.8 7469.86 7473.88 7477.76 7481.45 7484.9 7488.1 7491.05 7493.73 7496.13 7498.24 7500.06 7501.57 7502.76 7503.62 7504.13 7504.31 7504.13 7503.62 7502.76 7501.57 7500.06 7498.24 7496.13 7493.73 7491.05 7488.1 
7487.4 7484.19 7480.83 7477.38 7473.88 7470.45 7467.2 7464.32 7462.01 7460.5 7459.97 7460.5 7462.01 7464.32 7467.2 7470.45 7473.88 7477.38 7480.83 7484.19 7487.4 7490.43 7493.26 7495.87 7498.24 7500.35 7502.19 7503.73 7504.95 7505.84 7506.38 7506.56 7506.38 7505.84 7504.95 7503.73 7502.19 7500.35 7498.24 7495.87 7493.26 7490.43 
7490.03 7487.02 7483.94 7480.83 7477.76 7474.82 7472.1 7469.75 7467.92 7466.75 7466.34 7466.75 7467.92 7469.75 7472.1 7474.82 7477.76 7480.83 7483.94 7487.02 7490.03 7492.92 7495.67 7498.24 7500.61 7502.75 7504.64 7506.24 7507.52 7508.45 7509.02 7509.22 7509.02 7508.45 7507.52 7506.24 7504.64 7502.75 7500.61 7498.24 7495.67 7492.92 
7492.74 7489.89 7487.02 7484.19 7481.45 7478.87 7476.55 7474.58 7473.08 7472.13 7471.8 7472.13 7473.08 7474.58 7476.55 7478.87 7481.45 7484.19 7487.02 7489.89 7492.74 7495.54 7498.24 7500.81 7503.22 7505.43 7507.4 7509.09 7510.46 7511.47 7512.09 7512.3 7512.09 7511.47 7510.46 7509.09 7507.4 7505.43 7503.22 7500.81 7498.24 7495.54 
7495.49 7492.74 7490.03 7487.4 7484.9 7482.6 7480.56 7478.87 7477.59 7476.79 7476.52 7476.79 7477.59 7478.87 7480.56 7482.6 7484.9 7487.4 7490.03 7492.74 7495.49 7498.24 7500.94 7503.56 7506.05 7508.38 7510.48 7512.31 7513.82 7514.94 7515.63 7515.86 7515.63 7514.94 7513.82 7512.31 7510.48 7508.38 7506.05 7503.56 7500.94 7498.24 
7498.24 7495.54 7492.92 7490.43 7488.1 7486 7484.17 7482.67 7481.55 7480.85 7480.62 7480.85 7481.55 7482.67 7484.17 7486 7488.1 7490.43 7492.92 7495.54 7498.24 7500.98 7503.73 7506.45 7509.08 7511.58 7513.89 7515.92 7517.62 7518.9 7519.69 7519.97 7519.69 7518.9 7517.62 7515.92 7513.89 7511.58 7509.08 7506.45 7503.73 7500.98 
7500.94 7498.24 7495.67 7493.26 7491.05 7489.08 7487.39 7486.02 7485.01 7484.39 7484.18 7484.39 7485.01 7486.02 7487.39 7489.08 7491.05 7493.26 7495.67 7498.24 7500.94 7503.73 7506.59 7509.46 7512.29 7515.04 7517.62 7519.94 7521.91 7523.41 7524.36 7524.69 7524.36 7523.41 7521.91 7519.94 7517.62 7515.04 7512.29 7509.46 7506.59 7503.73 
7503.56 7500.81 7498.24 7495.87 7493.73 7491.84 7490.24 7488.97 7488.03 7487.46 7487.27 7487.46 7488.03 7488.97 7490.24 7491.84 7493.73 7495.87 7498.24 7500.81 7503.56 7506.45 7509.46 7512.54 7515.65 7518.72 7521.67 7524.39 7526.74 7528.58 7529.75 7530.16 7529.75 7528.58 7526.74 7524.39 7521.67 7518.72 7515.65 7512.54 7509.46 7506.45 
7506.05 7503.22 7500.61 7498.24 7496.13 7494.29 7492.75 7491.53 7490.64 7490.1 7489.92 7490.1 7490.64 7491.53 7492.75 7494.29 7496.13 7498.24 7500.61 7503.22 7506.05 7509.08 7512.29 7515.65 7519.11 7522.61 7526.05 7529.3 7532.19 7534.5 7536.01 7536.54 7536.01 7534.5 7532.19 7529.3 7526.05 7522.61 7519.11 7515.65 7512.29 7509.08 
7508.38 7505.43 7502.75 7500.35 7498.24 7496.42 7494.91 7493.72 7492.87 7492.35 7492.17 7492.35 7492.87 7493.72 7494.91 7496.42 7498.24 7500.35 7502.75 7505.43 7508.38 7511.58 7515.04 7518.72 7522.61 7526.63 7530.7 7534.67 7538.31 7541.33 7543.36 7544.09 7543.36 7541.33 7538.31 7534.67 7530.7 7526.63 7522.61 7518.72 7515.04 7511.58 
7510.48 7507.4 7504.64 7502.19 7500.06 7498.24 7496.74 7495.57 7494.73 7494.22 7494.05 7494.22 7494.73 7495.57 7496.74 7498.24 7500.06 7502.19 7504.64 7507.4 7510.48 7513.89 7517.62 7521.67 7526.05 7530.7 7535.56 7540.48 7545.19 7549.27 7552.15 7553.22 7552.15 7549.27 7545.19 7540.48 7535.56 7530.7 7526.05 7521.67 7517.62 7513.89 
7512.31 7509.09 7506.24 7503.73 7501.57 7499.74 7498.24 7497.07 7496.24 7495.74 7495.57 7495.74 7496.24 7497.07 7498.24 7499.74 7501.57 7503.73 7506.24 7509.09 7512.31 7515.92 7519.94 7524.39 7529.3 7534.67 7540.48 7546.61 7552.81 7558.53 7562.88 7564.62 7562.88 7558.53 7552.81 7546.61 7540.48 7534.67 7529.3 7524.39 7519.94 7515.92 
7513.82 7510.46 7507.52 7504.95 7502.76 7500.91 7499.41 7498.24 7497.41 7496.91 7496.74 7496.91 7497.41 7498.24 7499.41 7500.91 7502.76 7504.95 7507.52 7510.46 7513.82 7517.62 7521.91 7526.74 7532.19 7538.31 7545.19 7552.81 7561.03 7569.32 7576.36 7579.63 7576.36 7569.32 7561.03 7552.81 7545.19 7538.31 7532.19 7526.74 7521.91 7517.62 
7514.94 7511.47 7508.45 7505.84 7503.62 7501.75 7500.24 7499.07 7498.24 7497.74 7497.58 7497.74 7498.24 7499.07 7500.24 7501.75 7503.62 7505.84 7508.45 7511.47 7514.94 7518.9 7523.41 7528.58 7534.5 7541.33 7549.27 7558.53 7569.32 7581.5 7593.76 7601.33 7593.76 7581.5 7569.32 7558.53 7549.27 7541.33 7534.5 7528.58 7523.41 7518.9 
7515.63 7512.09 7509.02 7506.38 7504.13 7502.26 7500.74 7499.57 7498.74 7498.24 7498.08 7498.24 7498.74 7499.57 7500.74 7502.26 7504.13 7506.38 7509.02 7512.09 7515.63 7519.69 7524.36 7529.75 7536.01 7543.36 7552.15 7562.88 7576.36 7593.76 7616.02 7638.36 7616.02 7593.76 7576.36 7562.88 7552.15 7543.36 7536.01 7529.75 7524.36 7519.69 
7515.86 7512.3 7509.22 7506.56 7504.31 7502.43 7500.91 7499.74 7498.9 7498.41 7498.24 7498.41 7498.9 7499.74 7500.91 7502.43 7504.31 7506.56 7509.22 7512.3 7515.86 7519.97 7524.69 7530.16 7536.54 7544.09 7553.22 7564.62 7579.63 7601.33 7638.36 7720.38 7638.36 7601.33 7579.63 7564.62 7553.22 7544.09 7536.54 7530.16 7524.69 7519.97 
7515.63 7512.09 7509.02 7506.38 7504.13 7502.26 7500.74 7499.57 7498.74 7498.24 7498.08 7498.24 7498.74 7499.57 7500.74 7502.26 7504.13 7506.38 7509.02 7512.09 7515.63 7519.69 7524.36 7529.75 7536.01 7543.36 7552.15 7562.88 7576.36 7593.76 7616.02 7638.36 7616.02 7593.76 7576.36 7562.88 7552.15 7543.36 7536.01 7529.75 7524.36 7519.69 
7514.94 7511.47 7508.45 7505.84 7503.62 7501.75 7500.24 7499.07 7498.24 7497.74 7497.58 7497.74 7498.24 7499.07 7500.24 7501.75 7503.62 7505.84 7508.45 7511.47 7514.94 7518.9 7523.41 7528.58 7534.5 7541.33 7549.27 7558.53 7569.32 7581.5 7593.76 7601.33 7593.76 7581.5 7569.32 7558.53 7549.27 7541.33 7534.5 7528.58 7523.41 7518.9 
7513.82 7510.46 7507.52 7504.95 7502.76 7500.91 7499.41 7498.24 7497.41 7496.91 7496.74 7496.91 7497.41 7498.24 7499.41 7500.91 7502.76 7504.95 7507.52 7510.46 7513.82 7517.62 7521.91 7526.74 7532.19 7538.31 7545.19 7552.81 7561.03 7569.32 7576.36 7579.63 7576.36 7569.32 7561.03 7552.81 7545.19 7538.31 7532.19 7526.74 7521.91 7517.62 
7512.31 7509.09 7506.24 7503.73 7501.57 7499.74 7498.24 7497.07 7496.24 7495.74 7495.57 7495.74 7496.24 7497.07 7498.24 7499.74 7501.57 7503.73 7506.24 7509.09 7512.31 7515.92 7519.94 7524.39 7529.3 7534.67 7540.48 7546.61 7552.81 7558.53 7562.88 7564.62 7562.88 7558.53 7552.81 7546.61 7540.48 7534.67 7529.3 7524.39 7519.94 7515.92 
7510.48 7507.4 7504.64 7502.19 7500.06 7498.24 7496.74 7495.57 7494.73 7494.22 7494.05 7494.22 7494.73 7495.57 7496.74 7498.24 7500.06 7502.19 7504.64 7507.4 7510.48 7513.89 7517.62 7521.67 7526.05 7530.7 7535.56 7540.48 7545.19 7549.27 7552.15 7553.22 7552.15 7549.27 7545.19 7540.48 7535.56 7530.7 7526.05 7521.67 7517.62 7513.89 
7508.38 7505.43 7502.75 7500.35 7498.24 7496.42 7494.91 7493.72 7492.87 7492.35 7492.17 7492.35 7492.87 7493.72 7494.91 7496.42 7498.24 7500.35 7502.75 7505.43 7508.38 7511.58 7515.04 7518.72 7522.61 7526.63 7530.7 7534.67 7538.31 7541.33 7543.36 7544.09 7543.36 7541.33 7538.31 7534.67 7530.7 7526.63 7522.61 7518.72 7515.04 7511.58 
7506.05 7503.22 7500.61 7498.24 7496.13 7494.29 7492.75 7491.53 7490.64 7490.1 7489.92 7490.1 7490.64 7491.53 7492.75 7494.29 7496.13 7498.24 7500.61 7503.22 7506.05 7509.08 7512.29 7515.65 7519.11 7522.61 7526.05 7529.3 7532.19 7534.5 7536.01 7536.54 7536.01 7534.5 7532.19 7529.3 7526.05 7522.61 7519.11 7515.65 7512.29 7509.08 
7503.56 7500.81 7498.24 7495.87 7493.73 7491.84 7490.24 7488.97 7488.03 7487.46 7487.27 7487.46 7488.03 7488.97 7490.24 7491.84 7493.73 7495.87 7498.24 7500.81 7503.56 7506.45 7509.46 7512.54 7515.65 7518.72 7521.67 7524.39 7526.74 7528.58 7529.75 7530.16 7529.75 7528.58 7526.74 7524.39 7521.67 7518.72 7515.65 7512.54 7509.46 7506.45 
7500.94 7498.24 7495.67 7493.26 7491.05 7489.08 7487.39 7486.02 7485.01 7484.39 7484.18 7484.39 7485.01 7486.02 7487.39 7489.08 7491.05 7493.26 7495.67 7498.24 7500.94 7503.73 7506.59 7509.46 7512.29 7515.04 7517.62 7519.94 7521.91 7523.41 7524.36 7524.69 7524.36 7523.41 7521.91 7519.94 7517.62 7515.04 7512.29 7509.46 7506.59 7503.73 
7498.24 7495.54 7492.92 7490.43 7488.1 7486 7484.17 7482.67 7481.55 7480.85 7480.62 7480.85 7481.55 7482.67 7484.17 7486 7488.1 7490.43 7492.92 7495.54 7498.24 7500.98 7503.73 7506.45 7509.08 7511.58 7513.89 7515.92 7517.62 7518.9 7519.69 7519.97 7519.69 7518.9 7517.62 7515.92 7513.89 7511.58 7509.08 7506.45 7503.73 7500.98 
