7495.09 7491.94 7488.84 7485.85 7483.02 7480.42 7478.14 7476.24 7474.82 7473.93 7473.63 7473.93 7474.82 7476.24 7478.14 7480.42 7483.02 7485.85 7488.84 7491.94 7495.09 7498.24 7501.33 7504.34 7507.19 7509.85 7512.25 7514.33 7516.04 7517.3 7518.09 7518.35 7518.09 7517.3 7516.04 7514.33 7512.25 7509.85 7507.19 7504.34 7501.33 7498.24 
7491.94 7488.69 7485.44 7482.24 7479.17 7476.3 7473.73 7471.56 7469.91 7468.87 7468.52 7468.87 7469.91 7471.56 7473.73 7476.3 7479.17 7482.24 7485.44 7488.69 7491.94 7495.14 7498.24 7501.19 7503.96 7506.5 7508.77 7510.71 7512.28 7513.44 7514.15 7514.39 7514.15 7513.44 7512.28 7510.71 7508.77 7506.5 7503.96 7501.19 7498.24 7495.14 
7488.84 7485.44 7481.98 7478.51 7475.1 7471.86 7468.9 7466.35 7464.37 7463.11 7462.67 7463.11 7464.37 7466.35 7468.9 7471.86 7475.1 7478.51 7481.98 7485.44 7488.84 7492.14 7495.28 7498.24 7500.97 7503.44 7505.62 7507.47 7508.95 7510.04 7510.7 7510.92 7510.7 7510.04 7508.95 7507.47 7505.62 7503.44 7500.97 7498.24 7495.28 7492.14 
7485.85 7482.24 7478.51 7474.69 7470.86 7467.13 7463.64 7460.55 7458.1 7456.5 7455.94 7456.5 7458.1 7460.55 7463.64 7467.13 7470.86 7474.69 7478.51 7482.24 7485.85 7489.28 7492.51 7495.5 7498.24 7500.68 7502.81 7504.6 7506.03 7507.06 7507.69 7507.9 7507.69 7507.06 7506.03 7504.6 7502.81 7500.68 7498.24 7495.5 7492.51 7489.28 
7483.02 7479.17 7475.1 7470.86 7466.51 7462.15 7457.94 7454.1 7450.95 7448.83 7448.08 7448.83 7450.95 7454.1 7457.94 7462.15 7466.51 7470.86 7475.1 7479.17 7483.02 7486.63 7489.97 7493.03 7495.79 7498.24 7500.35 7502.11 7503.5 7504.5 7505.11 7505.32 7505.11 7504.5 7503.5 7502.11 7500.35 7498.24 7495.79 7493.03 7489.97 7486.63 
7480.42 7476.3 7471.86 7467.13 7462.15 7457.01 7451.85 7446.96 7442.74 7439.78 7438.68 7439.78 7442.74 7446.96 7451.85 7457.01 7462.15 7467.13 7471.86 7476.3 7480.42 7484.23 7487.7 7490.85 7493.66 7496.12 7498.24 7499.98 7501.36 7502.35 7502.94 7503.14 7502.94 7502.35 7501.36 7499.98 7498.24 7496.12 7493.66 7490.85 7487.7 7484.23 
7478.14 7473.73 7468.9 7463.64 7457.94 7451.85 7445.49 7439.11 7433.25 7428.83 7427.07 7428.83 7433.25 7439.11 7445.49 7451.85 7457.94 7463.64 7468.9 7473.73 7478.14 7482.15 7485.76 7489 7491.87 7494.36 7496.49 7498.24 7499.6 7500.58 7501.17 7501.37 7501.17 7500.58 7499.6 7498.24 7496.49 7494.36 7491.87 7489 7485.76 7482.15 
7476.24 7471.56 7466.35 7460.55 7454.1 7446.96 7439.11 7430.71 7422.31 7415.21 7411.92 7415.21 7422.31 7430.71 7439.11 7446.96 7454.1 7460.55 7466.35 7471.56 7476.24 7480.44 7484.19 7487.52 7490.45 7492.97 7495.11 7496.87 7498.24 7499.21 7499.8 7500 7499.8 7499.21 7498.24 7496.87 7495.11 7492.97 7490.45 7487.52 7484.19 7480.44 
7474.82 7469.91 7464.37 7458.1 7450.95 7442.74 7433.25 7422.31 7410.03 7397.75 7390.19 7397.75 7410.03 7422.31 7433.25 7442.74 7450.95 7458.1 7464.37 7469.91 7474.82 7479.18 7483.04 7486.44 7489.41 7491.97 7494.13 7495.89 7497.26 7498.24 7498.82 7499.02 7498.82 7498.24 7497.26 7495.89 7494.13 7491.97 7489.41 7486.44 7483.04 7479.18 
7473.93 7468.87 7463.11 7456.5 7448.83 7439.78 7428.83 7415.21 7397.75 7375.54 7353.34 7375.54 7397.75 7415.21 7428.83 7439.78 7448.83 7456.5 7463.11 7468.87 7473.93 7478.39 7482.33 7485.78 7488.78 7491.36 7493.53 7495.3 7496.67 7497.65 7498.24 7498.43 7498.24 7497.65 7496.67 7495.3 7493.53 7491.36 7488.78 7485.78 7482.33 7478.39 
7473.63 7468.52 7462.67 7455.94 7448.08 7438.68 7427.07 7411.92 7390.19 7353.34 7272.16 7353.34 7390.19 7411.92 7427.07 7438.68 7448.08 7455.94 7462.67 7468.52 7473.63 7478.13 7482.09 7485.56 7488.57 7491.16 7493.33 7495.1 7496.47 7497.45 7498.04 7498.24 7498.04 7497.45 7496.47 7495.1 7493.33 7491.16 7488.57 7485.56 7482.09 7478.13 
7473.93 7468.87 7463.11 7456.5 7448.83 7439.78 7428.83 7415.21 7397.75 7375.54 7353.34 7375.54 7397.75 7415.21 7428.83 7439.78 7448.83 7456.5 7463.11 7468.87 7473.93 7478.39 7482.33 7485.78 7488.78 7491.36 7493.53 7495.3 7496.67 7497.65 7498.24 7498.43 7498.24 7497.65 7496.67 7495.3 7493.53 7491.36 7488.78 7485.78 7482.33 7478.39 
7474.82 7469.91 7464.37 7458.1 7450.95 7442.74 7433.25 7422.31 7410.03 7397.75 7390.19 7397.75 7410.03 7422.31 7433.25 7442.74 7450.95 7458.1 7464.37 7469.91 7474.82 7479.18 7483.04 7486.44 7489.41 7491.97 7494.13 7495.89 7497.26 7498.24 7498.82 7499.02 7498.82 7498.24 7497.26 7495.89 7494.13 7491.97 7489.41 7486.44 7483.04 7479.18 
7476.24 7471.56 7466.35 7460.55 7454.1 7446.96 7439.11 7430.71 7422.31 7415.21 7411.92 7415.21 7422.31 7430.71 7439.11 7446.96 7454.1 7460.55 7466.35 7471.56 7476.24 7480.44 7484.19 7487.52 7490.45 7492.97 7495.11 7496.87 7498.24 7499.21 7499.8 7500 7499.8 7499.21 7498.24 7496.87 7495.11 7492.97 7490.45 7487.52 7484.19 7480.44 
7478.14 7473.73 7468.9 7463.64 7457.94 7451.85 7445.49 7439.11 7433.25 7428.83 7427.07 7428.83 7433.25 7439.11 7445.49 7451.85 7457.94 7463.64 7468.9 7473.73 7478.14 7482.15 7485.76 7489 7491.87 7494.36 7496.49 7498.24 7499.6 7500.58 7501.17 7501.37 7501.17 7500.58 7499.6 7498.24 7496.49 7494.36 7491.87 7489 7485.76 7482.15 
7480.42 7476.3 7471.86 7467.13 7462.15 7457.01 7451.85 7446.96 7442.74 7439.78 7438.68 7439.78 7442.74 7446.96 7451.85 7457.01 7462.15 7467.13 7471.86 7476.3 7480.42 7484.23 7487.7 7490.85 7493.66 7496.12 7498.24 7499.98 7501.36 7502.35 7502.94 7503.14 7502.94 7502.35 7501.36 7499.98 7498.24 7496.12 7493.66 7490.85 7487.7 7484.23 
7483.02 7479.17 7475.1 7470.86 7466.51 7462.15 7457.94 7454.1 7450.95 7448.83 7448.08 7448.83 7450.95 7454.1 7457.94 7462.15 7466.51 7470.86 7475.1 7479.17 7483.02 7486.63 7489.97 7493.03 7495.79 7498.24 7500.35 7502.11 7503.5 7504.5 7505.11 7505.32 7505.11 7504.5 7503.5 7502.11 7500.35 7498.24 7495.79 7493.03 7489.97 7486.63 
7485.85 7482.24 7478.51 7474.69 7470.86 7467.13 7463.64 7460.55 7458.1 7456.5 7455.94 7456.5 7458.1 7460.55 7463.64 7467.13 7470.86 7474.69 7478.51 7482.24 7485.85 7489.28 7492.51 7495.5 7498.24 7500.68 7502.81 7504.6 7506.03 7507.06 7507.69 7507.9 7507.69 7507.06 7506.03 7504.6 7502.81 7500.68 7498.24 7495.5 7492.51 7489.28 
7488.84 7485.44 7481.98 7478.51 7475.1 7471.86 7468.9 7466.35 7464.37 7463.11 7462.67 7463.11 7464.37 7466.35 7468.9 7471.86 7475.1 7478.51 7481.98 7485.44 7488.84 7492.14 7495.28 7498.24 7500.97 7503.44 7505.62 7507.47 7508.95 7510.04 7510.7 7510.92 7510.7 7510.04 7508.95 7507.47 7505.62 7503.44 7500.97 7498.24 7495.28 7492.14 
7491.94 7488.69 7485.44 7482.24 7479.17 7476.3 7473.73 7471.56 7469.91 7468.87 7468.52 7468.87 7469.91 7471.56 7473.73 7476.3 7479.17 7482.24 7485.44 7488.69 7491.94 7495.14 7498.24 7501.19 7503.96 7506.5 7508.77 7510.71 7512.28 7513.44 7514.15 7514.39 7514.15 7513.44 7512.28 7510.71 7508.77 7506.5 7503.96 7501.19 7498.24 7495.14 
7495.09 7491.94 7488.84 7485.85 7483.02 7480.42 7478.14 7476.24 7474.82 7473.93 7473.63 7473.93 7474.82 7476.24 7478.14 7480.42 7483.02 7485.85 7488.84 7491.94 7495.09 7498.24 7501.33 7504.34 7507.19 7509.85 7512.25 7514.33 7516.04 7517.3 7518.09 7518.35 7518.09 7517.3 7516.04 7514.33 7512.25 7509.85 7507.19 7504.34 7501.33 7498.24 
7498.24 7495.14 7492.14 7489.28 7486.63 7484.23 7482.15 7480.44 7479.18 7478.39 7478.13 7478.39 7479.18 7480.44 7482.15 7484.23 7486.63 7489.28 7492.14 7495.14 7498.24 7501.38 7504.53 7507.63 7510.63 7513.46 7516.06 7518.34 7520.24 7521.67 7522.55 7522.85 7522.55 7521.67 7520.24 7518.34 7516.06 7513.46 7510.63 7507.63 7504.53 7501.38 
7501.33 7498.24 7495.28 7492.51 7489.97 7487.7 7485.76 7484.19 7483.04 7482.33 7482.09 7482.33 7483.04 7484.19 7485.76 7487.7 7489.97 7492.51 7495.28 7498.24 7501.33 7504.53 7507.78 7511.03 7514.23 7517.31 7520.18 7522.76 7524.93 7526.58 7527.62 7527.98 7527.62 7526.58 7524.93 7522.76 7520.18 7517.31 7514.23 7511.03 7507.78 7504.53 
7504.34 7501.19 7498.24 7495.5 7493.03 7490.85 7489 7487.52 7486.44 7485.78 7485.56 7485.78 7486.44 7487.52 7489 7490.85 7493.03 7495.5 7498.24 7501.19 7504.34 7507.63 7511.03 7514.5 7517.98 7521.38 7524.63 7527.6 7530.15 7532.13 7533.4 7533.83 7533.4 7532.13 7530.15 7527.6 7524.63 7521.38 7517.98 7514.5 7511.03 7507.63 
7507.19 7503.96 7500.97 7498.24 7495.79 7493.66 7491.87 7490.45 7489.41 7488.78 7488.57 7488.78 7489.41 7490.45 7491.87 7493.66 7495.79 7498.24 7500.97 7503.96 7507.19 7510.63 7514.23 7517.98 7521.8 7525.63 7529.36 7532.87 7535.96 7538.42 7540.02 7540.58 7540.02 7538.42 7535.96 7532.87 7529.36 7525.63 7521.8 7517.98 7514.23 7510.63 
7509.85 7506.5 7503.44 7500.68 7498.24 7496.12 7494.36 7492.97 7491.97 7491.36 7491.16 7491.36 7491.97 7492.97 7494.36 7496.12 7498.24 7500.68 7503.44 7506.5 7509.85 7513.46 7517.31 7521.38 7525.63 7529.99 7534.35 7538.57 7542.42 7545.58 7547.71 7548.46 7547.71 7545.58 7542.42 7538.57 7534.35 7529.99 7525.63 7521.38 7517.31 7513.46 
7512.25 7508.77 7505.62 7502.81 7500.35 7498.24 7496.49 7495.11 7494.13 7493.53 7493.33 7493.53 7494.13 7495.11 7496.49 7498.24 7500.35 7502.81 7505.62 7508.77 7512.25 7516.06 7520.18 7524.63 7529.36 7534.35 7539.51 7544.68 7549.59 7553.82 7556.79 7557.89 7556.79 7553.82 7549.59 7544.68 7539.51 7534.35 7529.36 7524.63 7520.18 7516.06 
7514.33 7510.71 7507.47 7504.6 7502.11 7499.98 7498.24 7496.87 7495.89 7495.3 7495.1 7495.3 7495.89 7496.87 7498.24 7499.98 7502.11 7504.6 7507.47 7510.71 7514.33 7518.34 7522.76 7527.6 7532.87 7538.57 7544.68 7551.06 7557.46 7563.34 7567.77 7569.54 7567.77 7563.34 7557.46 7551.06 7544.68 7538.57 7532.87 7527.6 7522.76 7518.34 
7516.04 7512.28 7508.95 7506.03 7503.5 7501.36 7499.6 7498.24 7497.26 7496.67 7496.47 7496.67 7497.26 7498.24 7499.6 7501.36 7503.5 7506.03 7508.95 7512.28 7516.04 7520.24 7524.93 7530.15 7535.96 7542.42 7549.59 7557.46 7565.89 7574.33 7581.46 7584.76 7581.46 7574.33 7565.89 7557.46 7549.59 7542.42 7535.96 7530.15 7524.93 7520.24 
7517.3 7513.44 7510.04 7507.06 7504.5 7502.35 7500.58 7499.21 7498.24 7497.65 7497.45 7497.65 7498.24 7499.21 7500.58 7502.35 7504.5 7507.06 7510.04 7513.44 7517.3 7521.67 7526.58 7532.13 7538.42 7545.58 7553.82 7563.34 7574.33 7586.66 7599.01 7606.62 7599.01 7586.66 7574.33 7563.34 7553.82 7545.58 7538.42 7532.13 7526.58 7521.67 
7518.09 7514.15 7510.7 7507.69 7505.11 7502.94 7501.17 7499.8 7498.82 7498.24 7498.04 7498.24 7498.82 7499.8 7501.17 7502.94 7505.11 7507.69 7510.7 7514.15 7518.09 7522.55 7527.62 7533.4 7540.02 7547.71 7556.79 7567.77 7581.46 7599.01 7621.36 7643.74 7621.36 7599.01 7581.46 7567.77 7556.79 7547.71 7540.02 7533.4 7527.62 7522.55 
7518.35 7514.39 7510.92 7507.9 7505.32 7503.14 7501.37 7500 7499.02 7498.43 7498.24 7498.43 7499.02 7500 7501.37 7503.14 7505.32 7507.9 7510.92 7514.39 7518.35 7522.85 7527.98 7533.83 7540.58 7548.46 7557.89 7569.54 7584.76 7606.62 7643.74 7725.8 7643.74 7606.62 7584.76 7569.54 7557.89 7548.46 7540.58 7533.83 7527.98 7522.85 
7518.09 7514.15 7510.7 7507.69 7505.11 7502.94 7501.17 7499.8 7498.82 7498.24 7498.04 7498.24 7498.82 7499.8 7501.17 7502.94 7505.11 7507.69 7510.7 7514.15 7518.09 7522.55 7527.62 7533.4 7540.02 7547.71 7556.79 7567.77 7581.46 7599.01 7621.36 7643.74 7621.36 7599.01 7581.46 7567.77 7556.79 7547.71 7540.02 7533.4 7527.62 7522.55 
7517.3 7513.44 7510.04 7507.06 7504.5 7502.35 7500.58 7499.21 7498.24 7497.65 7497.45 7497.65 7498.24 7499.21 7500.58 7502.35 7504.5 7507.06 7510.04 7513.44 7517.3 7521.67 7526.58 7532.13 7538.42 7545.58 7553.82 7563.34 7574.33 7586.66 7599.01 7606.62 7599.01 7586.66 7574.33 7563.34 7553.82 7545.58 7538.42 7532.13 7526.58 7521.67 
7516.04 7512.28 7508.95 7506.03 7503.5 7501.36 7499.6 7498.24 7497.26 7496.67 7496.47 7496.67 7497.26 7498.24 7499.6 7501.36 7503.5 7506.03 7508.95 7512.28 7516.04 7520.24 7524.93 7530.15 7535.96 7542.42 7549.59 7557.46 7565.89 7574.33 7581.46 7584.76 7581.46 7574.33 7565.89 7557.46 7549.59 7542.42 7535.96 7530.15 7524.93 7520.24 
7514.33 7510.71 7507.47 7504.6 7502.11 7499.98 7498.24 7496.87 7495.89 7495.3 7495.1 7495.3 7495.89 7496.87 7498.24 7499.98 7502.11 7504.6 7507.47 7510.71 7514.33 7518.34 7522.76 7527.6 7532.87 7538.57 7544.68 7551.06 7557.46 7563.34 7567.77 7569.54 7567.77 7563.34 7557.46 7551.06 7544.68 7538.57 7532.87 7527.6 7522.76 7518.34 
7512.25 7508.77 7505.62 7502.81 7500.35 7498.24 7496.49 7495.11 7494.13 7493.53 7493.33 7493.53 7494.13 7495.11 7496.49 7498.24 7500.35 7502.81 7505.62 7508.77 7512.25 7516.06 7520.18 7524.63 7529.36 7534.35 7539.51 7544.68 7549.59 7553.82 7556.79 7557.89 7556.79 7553.82 7549.59 7544.68 7539.51 7534.35 7529.36 7524.63 7520.18 7516.06 
7509.85 7506.5 7503.44 7500.68 7498.24 7496.12 7494.36 7492.97 7491.97 7491.36 7491.16 7491.36 7491.97 7492.97 7494.36 7496.12 7498.24 7500.68 7503.44 7506.5 7509.85 7513.46 7517.31 7521.38 7525.63 7529.99 7534.35 7538.57 7542.42 7545.58 7547.71 7548.46 7547.71 7545.58 7542.42 7538.57 7534.35 7529.99 7525.63 7521.38 7517.31 7513.46 
7507.19 7503.96 7500.97 7498.24 7495.79 7493.66 7491.87 7490.45 7489.41 7488.78 7488.57 7488.78 7489.41 7490.45 7491.87 7493.66 7495.79 7498.24 7500.97 7503.96 7507.19 7510.63 7514.23 7517.98 7521.8 7525.63 7529.36 7532.87 7535.96 7538.42 7540.02 7540.58 7540.02 7538.42 7535.96 7532.87 7529.36 7525.63 7521.8 7517.98 7514.23 7510.63 
7504.34 7501.19 7498.24 7495.5 7493.03 7490.85 7489 7487.52 7486.44 7485.78 7485.56 7485.78 7486.44 7487.52 7489 7490.85 7493.03 7495.5 7498.24 7501.19 7504.34 7507.63 7511.03 7514.5 7517.98 7521.38 7524.63 7527.6 7530.15 7532.13 7533.4 7533.83 7533.4 7532.13 7530.15 7527.6 7524.63 7521.38 7517.98 7514.5 7511.03 7507.63 
7501.33 7498.24 7495.28 7492.51 7489.97 7487.7 7485.76 7484.19 7483.04 7482.33 7482.09 7482.33 7483.04 7484.19 7485.76 7487.7 7489.97 7492.51 7495.28 7498.24 7501.33 7504.53 7507.78 7511.03 7514.23 7517.31 7520.18 7522.76 7524.93 7526.58 7527.62 7527.98 7527.62 7526.58 7524.93 7522.76 7520.18 7517.31 7514.23 7511.03 7507.78 7504.53 
7498.24 7495.14 7492.14 7489.28 7486.63 7484.23 7482.15 7480.44 7479.18 7478.39 7478.13 7478.39 7479.18 7480.44 7482.15 7484.23 7486.63 7489.28 7492.14 7495.14 7498.24 7501.38 7504.53 7507.63 7510.63 7513.46 7516.06 7518.34 7520.24 7521.67 7522.55 7522.85 7522.55 7521.67 7520.24 7518.34 7516.06 7513.46 7510.63 7507.63 7504.53 7501.38 
