7495.75 7493.25 7490.77 7488.37 7486.08 7483.96 7482.08 7480.52 7479.33 7478.59 7478.34 7478.59 7479.33 7480.52 7482.08 7483.96 7486.08 7488.37 7490.77 7493.25 7495.75 7498.24 7500.69 7503.07 7505.34 7507.45 7509.37 7511.05 7512.42 7513.45 7514.09 7514.3 7514.09 7513.45 7512.42 7511.05 7509.37 7507.45 7505.34 7503.07 7500.69 7498.24 
7493.25 7490.64 7488.02 7485.41 7482.87 7480.48 7478.32 7476.48 7475.07 7474.17 7473.87 7474.17 7475.07 7476.48 7478.32 7480.48 7482.87 7485.41 7488.02 7490.64 7493.25 7495.79 7498.24 7500.57 7502.75 7504.76 7506.54 7508.08 7509.32 7510.24 7510.8 7510.99 7510.8 7510.24 7509.32 7508.08 7506.54 7504.76 7502.75 7500.57 7498.24 7495.79 
7490.77 7488.02 7485.18 7482.3 7479.43 7476.67 7474.11 7471.89 7470.15 7469.03 7468.65 7469.03 7470.15 7471.89 7474.11 7476.67 7479.43 7482.3 7485.18 7488.02 7490.77 7493.41 7495.91 7498.24 7500.39 7502.32 7504.02 7505.46 7506.61 7507.46 7507.98 7508.15 7507.98 7507.46 7506.61 7505.46 7504.02 7502.32 7500.39 7498.24 7495.91 7493.41 
7488.37 7485.41 7482.3 7479.07 7475.78 7472.53 7469.44 7466.68 7464.47 7463.01 7462.51 7463.01 7464.47 7466.68 7469.44 7472.53 7475.78 7479.07 7482.3 7485.41 7488.37 7491.15 7493.73 7496.1 7498.24 7500.15 7501.8 7503.18 7504.28 7505.08 7505.56 7505.72 7505.56 7505.08 7504.28 7503.18 7501.8 7500.15 7498.24 7496.1 7493.73 7491.15 
7486.08 7482.87 7479.43 7475.78 7471.97 7468.09 7464.29 7460.78 7457.86 7455.89 7455.18 7455.89 7457.86 7460.78 7464.29 7468.09 7471.97 7475.78 7479.43 7482.87 7486.08 7489.03 7491.73 7494.16 7496.34 7498.24 7499.87 7501.23 7502.29 7503.06 7503.52 7503.68 7503.52 7503.06 7502.29 7501.23 7499.87 7498.24 7496.34 7494.16 7491.73 7489.03 
7483.96 7480.48 7476.67 7472.53 7468.09 7463.42 7458.68 7454.11 7450.13 7447.31 7446.26 7447.31 7450.13 7454.11 7458.68 7463.42 7468.09 7472.53 7476.67 7480.48 7483.96 7487.11 7489.94 7492.46 7494.68 7496.61 7498.24 7499.58 7500.63 7501.38 7501.83 7501.98 7501.83 7501.38 7500.63 7499.58 7498.24 7496.61 7494.68 7492.46 7489.94 7487.11 
7482.08 7478.32 7474.11 7469.44 7464.29 7458.68 7452.72 7446.66 7441.05 7436.77 7435.06 7436.77 7441.05 7446.66 7452.72 7458.68 7464.29 7469.44 7474.11 7478.32 7482.08 7485.44 7488.41 7491.02 7493.3 7495.26 7496.9 7498.24 7499.28 7500.03 7500.47 7500.62 7500.47 7500.03 7499.28 7498.24 7496.9 7495.26 7493.3 7491.02 7488.41 7485.44 
7480.52 7476.48 7471.89 7466.68 7460.78 7454.11 7446.66 7438.59 7430.43 7423.47 7420.24 7423.47 7430.43 7438.59 7446.66 7454.11 7460.78 7466.68 7471.89 7476.48 7480.52 7484.06 7487.17 7489.87 7492.2 7494.19 7495.86 7497.2 7498.24 7498.98 7499.43 7499.57 7499.43 7498.98 7498.24 7497.2 7495.86 7494.19 7492.2 7489.87 7487.17 7484.06 
7479.33 7475.07 7470.15 7464.47 7457.86 7450.13 7441.05 7430.43 7418.39 7406.25 7398.74 7406.25 7418.39 7430.43 7441.05 7450.13 7457.86 7464.47 7470.15 7475.07 7479.33 7483.03 7486.25 7489.02 7491.41 7493.43 7495.11 7496.46 7497.5 7498.24 7498.69 7498.83 7498.69 7498.24 7497.5 7496.46 7495.11 7493.43 7491.41 7489.02 7486.25 7483.03 
7478.59 7474.17 7469.03 7463.01 7455.89 7447.31 7436.77 7423.47 7406.25 7384.18 7362.02 7384.18 7406.25 7423.47 7436.77 7447.31 7455.89 7463.01 7469.03 7474.17 7478.59 7482.4 7485.68 7488.51 7490.92 7492.96 7494.65 7496.01 7497.06 7497.8 7498.24 7498.39 7498.24 7497.8 7497.06 7496.01 7494.65 7492.96 7490.92 7488.51 7485.68 7482.4 
7478.34 7473.87 7468.65 7462.51 7455.18 7446.26 7435.06 7420.24 7398.74 7362.02 7280.87 7362.02 7398.74 7420.24 7435.06 7446.26 7455.18 7462.51 7468.65 7473.87 7478.34 7482.18 7485.49 7488.34 7490.76 7492.81 7494.5 7495.87 7496.91 7497.65 7498.1 7498.24 7498.1 7497.65 7496.91 7495.87 7494.5 7492.81 7490.76 7488.34 7485.49 7482.18 
7478.59 7474.17 7469.03 7463.01 7455.89 7447.31 7436.77 7423.47 7406.25 7384.18 7362.02 7384.18 7406.25 7423.47 7436.77 7447.31 7455.89 7463.01 7469.03 7474.17 7478.59 7482.4 7485.68 7488.51 7490.92 7492.96 7494.65 7496.01 7497.06 7497.8 7498.24 7498.39 7498.24 7497.8 7497.06 7496.01 7494.65 7492.96 7490.92 7488.51 7485.68 7482.4 
7479.33 7475.07 7470.15 7464.47 7457.86 7450.13 7441.05 7430.43 7418.39 7406.25 7398.74 7406.25 7418.39 7430.43 7441.05 7450.13 7457.86 7464.47 7470.15 7475.07 7479.33 7483.03 7486.25 7489.02 7491.41 7493.43 7495.11 7496.46 7497.5 7498.24 7498.69 7498.83 7498.69 7498.24 7497.5 7496.46 7495.11 7493.43 7491.41 7489.02 7486.25 7483.03 
7480.52 7476.48 7471.89 7466.68 7460.78 7454.11 7446.66 7438.59 7430.43 7423.47 7420.24 7423.47 7430.43 7438.59 7446.66 7454.11 7460.78 7466.68 7471.89 7476.48 7480.52 7484.06 7487.17 7489.87 7492.2 7494.19 7495.86 7497.2 7498.24 7498.98 7499.43 7499.57 7499.43 7498.98 7498.24 7497.2 7495.86 7494.19 7492.2 7489.87 7487.17 7484.06 
7482.08 7478.32 7474.11 7469.44 7464.29 7458.68 7452.72 7446.66 7441.05 7436.77 7435.06 7436.77 7441.05 7446.66 7452.72 7458.68 7464.29 7469.44 7474.11 7478.32 7482.08 7485.44 7488.41 7491.02 7493.3 7495.26 7496.9 7498.24 7499.28 7500.03 7500.47 7500.62 7500.47 7500.03 7499.28 7498.24 7496.9 7495.26 7493.3 7491.02 7488.41 7485.44 
7483.96 7480.48 7476.67 7472.53 7468.09 7463.42 7458.68 7454.11 7450.13 7447.31 7446.26 7447.31 7450.13 7454.11 7458.68 7463.42 7468.09 7472.53 7476.67 7480.48 7483.96 7487.11 7489.94 7492.46 7494.68 7496.61 7498.24 7499.58 7500.63 7501.38 7501.83 7501.98 7501.83 7501.38 7500.63 7499.58 7498.24 7496.61 7494.68 7492.46 7489.94 7487.11 
7486.08 7482.87 7479.43 7475.78 7471.97 7468.09 7464.29 7460.78 7457.86 7455.89 7455.18 7455.89 7457.86 7460.78 7464.29 7468.09 7471.97 7475.78 7479.43 7482.87 7486.08 7489.03 7491.73 7494.16 7496.34 7498.24 7499.87 7501.23 7502.29 7503.06 7503.52 7503.68 7503.52 7503.06 7502.29 7501.23 7499.87 7498.24 7496.34 7494.16 7491.73 7489.03 
7488.37 7485.41 7482.3 7479.07 7475.78 7472.53 7469.44 7466.68 7464.47 7463.01 7462.51 7463.01 7464.47 7466.68 7469.44 7472.53 7475.78 7479.07 7482.3 7485.41 7488.37 7491.15 7493.73 7496.1 7498.24 7500.15 7501.8 7503.18 7504.28 7505.08 7505.56 7505.72 7505.56 7505.08 7504.28 7503.18 7501.8 7500.15 7498.24 7496.1 7493.73 7491.15 
7490.77 7488.02 7485.18 7482.3 7479.43 7476.67 7474.11 7471.89 7470.15 7469.03 7468.65 7469.03 7470.15 7471.89 7474.11 7476.67 7479.43 7482.3 7485.18 7488.02 7490.77 7493.41 7495.91 7498.24 7500.39 7502.32 7504.02 7505.46 7506.61 7507.46 7507.98 7508.15 7507.98 7507.46 7506.61 7505.46 7504.02 7502.32 7500.39 7498.24 7495.91 7493.41 
7493.25 7490.64 7488.02 7485.41 7482.87 7480.48 7478.32 7476.48 7475.07 7474.17 7473.87 7474.17 7475.07 7476.48 7478.32 7480.48 7482.87 7485.41 7488.02 7490.64 7493.25 7495.79 7498.24 7500.57 7502.75 7504.76 7506.54 7508.08 7509.32 7510.24 7510.8 7510.99 7510.8 7510.24 7509.32 7508.08 7506.54 7504.76 7502.75 7500.57 7498.24 7495.79 
7495.75 7493.25 7490.77 7488.37 7486.08 7483.96 7482.08 7480.52 7479.33 7478.59 7478.34 7478.59 7479.33 7480.52 7482.08 7483.96 7486.08 7488.37 7490.77 7493.25 7495.75 7498.24 7500.69 7503.07 7505.34 7507.45 7509.37 7511.05 7512.42 7513.45 7514.09 7514.3 7514.09 7513.45 7512.42 7511.05 7509.37 7507.45 7505.34 7503.07 7500.69 7498.24 
7498.24 7495.79 7493.41 7491.15 7489.03 7487.11 7485.44 7484.06 7483.03 7482.4 7482.18 7482.4 7483.03 7484.06 7485.44 7487.11 7489.03 7491.15 7493.41 7495.79 7498.24 7500.73 7503.23 7505.71 7508.11 7510.41 7512.52 7514.4 7515.97 7517.16 7517.9 7518.15 7517.9 7517.16 7515.97 7514.4 7512.52 7510.41 7508.11 7505.71 7503.23 7500.73 
7500.69 7498.24 7495.91 7493.73 7491.73 7489.94 7488.41 7487.17 7486.25 7485.68 7485.49 7485.68 7486.25 7487.17 7488.41 7489.94 7491.73 7493.73 7495.91 7498.24 7500.69 7503.23 7505.84 7508.47 7511.07 7513.61 7516 7518.17 7520.01 7521.42 7522.32 7522.62 7522.32 7521.42 7520.01 7518.17 7516 7513.61 7511.07 7508.47 7505.84 7503.23 
7503.07 7500.57 7498.24 7496.1 7494.16 7492.46 7491.02 7489.87 7489.02 7488.51 7488.34 7488.51 7489.02 7489.87 7491.02 7492.46 7494.16 7496.1 7498.24 7500.57 7503.07 7505.71 7508.47 7511.31 7514.19 7517.05 7519.82 7522.38 7524.6 7526.34 7527.46 7527.85 7527.46 7526.34 7524.6 7522.38 7519.82 7517.05 7514.19 7511.31 7508.47 7505.71 
7505.34 7502.75 7500.39 7498.24 7496.34 7494.68 7493.3 7492.2 7491.41 7490.92 7490.76 7490.92 7491.41 7492.2 7493.3 7494.68 7496.34 7498.24 7500.39 7502.75 7505.34 7508.11 7511.07 7514.19 7517.42 7520.71 7523.96 7527.06 7529.82 7532.04 7533.49 7534 7533.49 7532.04 7529.82 7527.06 7523.96 7520.71 7517.42 7514.19 7511.07 7508.11 
7507.45 7504.76 7502.32 7500.15 7498.24 7496.61 7495.26 7494.19 7493.43 7492.96 7492.81 7492.96 7493.43 7494.19 7495.26 7496.61 7498.24 7500.15 7502.32 7504.76 7507.45 7510.41 7513.61 7517.05 7520.71 7524.52 7528.41 7532.22 7535.73 7538.66 7540.63 7541.34 7540.63 7538.66 7535.73 7532.22 7528.41 7524.52 7520.71 7517.05 7513.61 7510.41 
7509.37 7506.54 7504.02 7501.8 7499.87 7498.24 7496.9 7495.86 7495.11 7494.65 7494.5 7494.65 7495.11 7495.86 7496.9 7498.24 7499.87 7501.8 7504.02 7506.54 7509.37 7512.52 7516 7519.82 7523.96 7528.41 7533.08 7537.84 7542.42 7546.41 7549.23 7550.28 7549.23 7546.41 7542.42 7537.84 7533.08 7528.41 7523.96 7519.82 7516 7512.52 
7511.05 7508.08 7505.46 7503.18 7501.23 7499.58 7498.24 7497.2 7496.46 7496.01 7495.87 7496.01 7496.46 7497.2 7498.24 7499.58 7501.23 7503.18 7505.46 7508.08 7511.05 7514.4 7518.17 7522.38 7527.06 7532.22 7537.84 7543.81 7549.88 7555.51 7559.8 7561.52 7559.8 7555.51 7549.88 7543.81 7537.84 7532.22 7527.06 7522.38 7518.17 7514.4 
7512.42 7509.32 7506.61 7504.28 7502.29 7500.63 7499.28 7498.24 7497.5 7497.06 7496.91 7497.06 7497.5 7498.24 7499.28 7500.63 7502.29 7504.28 7506.61 7509.32 7512.42 7515.97 7520.01 7524.6 7529.82 7535.73 7542.42 7549.88 7557.97 7566.17 7573.15 7576.4 7573.15 7566.17 7557.97 7549.88 7542.42 7535.73 7529.82 7524.6 7520.01 7515.97 
7513.45 7510.24 7507.46 7505.08 7503.06 7501.38 7500.03 7498.98 7498.24 7497.8 7497.65 7497.8 7498.24 7498.98 7500.03 7501.38 7503.06 7505.08 7507.46 7510.24 7513.45 7517.16 7521.42 7526.34 7532.04 7538.66 7546.41 7555.51 7566.17 7578.26 7590.46 7598.01 7590.46 7578.26 7566.17 7555.51 7546.41 7538.66 7532.04 7526.34 7521.42 7517.16 
7514.09 7510.8 7507.98 7505.56 7503.52 7501.83 7500.47 7499.43 7498.69 7498.24 7498.1 7498.24 7498.69 7499.43 7500.47 7501.83 7503.52 7505.56 7507.98 7510.8 7514.09 7517.9 7522.32 7527.46 7533.49 7540.63 7549.23 7559.8 7573.15 7590.46 7612.65 7634.98 7612.65 7590.46 7573.15 7559.8 7549.23 7540.63 7533.49 7527.46 7522.32 7517.9 
7514.3 7510.99 7508.15 7505.72 7503.68 7501.98 7500.62 7499.57 7498.83 7498.39 7498.24 7498.39 7498.83 7499.57 7500.62 7501.98 7503.68 7505.72 7508.15 7510.99 7514.3 7518.15 7522.62 7527.85 7534 7541.34 7550.28 7561.52 7576.4 7598.01 7634.98 7716.96 7634.98 7598.01 7576.4 7561.52 7550.28 7541.34 7534 7527.85 7522.62 7518.15 
7514.09 7510.8 7507.98 7505.56 7503.52 7501.83 7500.47 7499.43 7498.69 7498.24 7498.1 7498.24 7498.69 7499.43 7500.47 7501.83 7503.52 7505.56 7507.98 7510.8 7514.09 7517.9 7522.32 7527.46 7533.49 7540.63 7549.23 7559.8 7573.15 7590.46 7612.65 7634.98 7612.65 7590.46 7573.15 7559.8 7549.23 7540.63 7533.49 7527.46 7522.32 7517.9 
7513.45 7510.24 7507.46 7505.08 7503.06 7501.38 7500.03 7498.98 7498.24 7497.8 7497.65 7497.8 7498.24 7498.98 7500.03 7501.38 7503.06 7505.08 7507.46 7510.24 7513.45 7517.16 7521.42 7526.34 7532.04 7538.66 7546.41 7555.51 7566.17 7578.26 7590.46 7598.01 7590.46 7578.26 7566.17 7555.51 7546.41 7538.66 7532.04 7526.34 7521.42 7517.16 
7512.42 7509.32 7506.61 7504.28 7502.29 7500.63 7499.28 7498.24 7497.5 7497.06 7496.91 7497.06 7497.5 7498.24 7499.28 7500.63 7502.29 7504.28 7506.61 7509.32 7512.42 7515.97 7520.01 7524.6 7529.82 7535.73 7542.42 7549.88 7557.97 7566.17 7573.15 7576.4 7573.15 7566.17 7557.97 7549.88 7542.42 7535.73 7529.82 7524.6 7520.01 7515.97 
7511.05 7508.08 7505.46 7503.18 7501.23 7499.58 7498.24 7497.2 7496.46 7496.01 7495.87 7496.01 7496.46 7497.2 7498.24 7499.58 7501.23 7503.18 7505.46 7508.08 7511.05 7514.4 7518.17 7522.38 7527.06 7532.22 7537.84 7543.81 7549.88 7555.51 7559.8 7561.52 7559.8 7555.51 7549.88 7543.81 7537.84 7532.22 7527.06 7522.38 7518.17 7514.4 
7509.37 7506.54 7504.02 7501.8 7499.87 7498.24 7496.9 7495.86 7495.11 7494.65 7494.5 7494.65 7495.11 7495.86 7496.9 7498.24 7499.87 7501.8 7504.02 7506.54 7509.37 7512.52 7516 7519.82 7523.96 7528.41 7533.08 7537.84 7542.42 7546.41 7549.23 7550.28 7549.23 7546.41 7542.42 7537.84 7533.08 7528.41 7523.96 7519.82 7516 7512.52 
7507.45 7504.76 7502.32 7500.15 7498.24 7496.61 7495.26 7494.19 7493.43 7492.96 7492.81 7492.96 7493.43 7494.19 7495.26 7496.61 7498.24 7500.15 7502.32 7504.76 7507.45 7510.41 7513.61 7517.05 7520.71 7524.52 7528.41 7532.22 7535.73 7538.66 7540.63 7541.34 7540.63 7538.66 7535.73 7532.22 7528.41 7524.52 7520.71 7517.05 7513.61 7510.41 
7505.34 7502.75 7500.39 7498.24 7496.34 7494.68 7493.3 7492.2 7491.41 7490.92 7490.76 7490.92 7491.41 7492.2 7493.3 7494.68 7496.34 7498.24 7500.39 7502.75 7505.34 7508.11 7511.07 7514.19 7517.42 7520.71 7523.96 7527.06 7529.82 7532.04 7533.49 7534 7533.49 7532.04 7529.82 7527.06 7523.96 7520.71 7517.42 7514.19 7511.07 7508.11 
7503.07 7500.57 7498.24 7496.1 7494.16 7492.46 7491.02 7489.87 7489.02 7488.51 7488.34 7488.51 7489.02 7489.87 7491.02 7492.46 7494.16 7496.1 7498.24 7500.57 7503.07 7505.71 7508.47 7511.31 7514.19 7517.05 7519.82 7522.38 7524.6 7526.34 7527.46 7527.85 7527.46 7526.34 7524.6 7522.38 7519.82 7517.05 7514.19 7511.31 7508.47 7505.71 
7500.69 7498.24 7495.91 7493.73 7491.73 7489.94 7488.41 7487.17 7486.25 7485.68 7485.49 7485.68 7486.25 7487.17 7488.41 7489.94 7491.73 7493.73 7495.91 7498.24 7500.69 7503.23 7505.84 7508.47 7511.07 7513.61 7516 7518.17 7520.01 7521.42 7522.32 7522.62 7522.32 7521.42 7520.01 7518.17 7516 7513.61 7511.07 7508.47 7505.84 7503.23 
7498.24 7495.79 7493.41 7491.15 7489.03 7487.11 7485.44 7484.06 7483.03 7482.4 7482.18 7482.4 7483.03 7484.06 7485.44 7487.11 7489.03 7491.15 7493.41 7495.79 7498.24 7500.73 7503.23 7505.71 7508.11 7510.41 7512.52 7514.4 7515.97 7517.16 7517.9 7518.15 7517.9 7517.16 7515.97 7514.4 7512.52 7510.41 7508.11 7505.71 7503.23 7500.73 
