7497.12 7495.98 7494.82 7493.66 7492.51 7491.41 7490.4 7489.53 7488.85 7488.42 7488.28 7488.42 7488.85 7489.53 7490.4 7491.41 7492.51 7493.66 7494.82 7495.98 7497.12 7498.25 7499.35 7500.42 7501.46 7502.44 7503.36 7504.19 7504.88 7505.41 7505.74 7505.85 7505.74 7505.41 7504.88 7504.19 7503.36 7502.44 7501.46 7500.42 7499.35 7498.25 
7495.98 7494.74 7493.44 7492.09 7490.72 7489.37 7488.09 7486.96 7486.07 7485.5 7485.3 7485.5 7486.07 7486.96 7488.09 7489.37 7490.72 7492.09 7493.44 7494.74 7495.98 7497.15 7498.25 7499.28 7500.24 7501.12 7501.92 7502.62 7503.19 7503.61 7503.88 7503.97 7503.88 7503.61 7503.19 7502.62 7501.92 7501.12 7500.24 7499.28 7498.25 7497.15 
7494.82 7493.44 7491.95 7490.35 7488.67 7486.96 7485.32 7483.83 7482.63 7481.84 7481.56 7481.84 7482.63 7483.83 7485.32 7486.96 7488.67 7490.35 7491.95 7493.44 7494.82 7496.08 7497.22 7498.25 7499.18 7500 7500.72 7501.33 7501.82 7502.18 7502.4 7502.48 7502.4 7502.18 7501.82 7501.33 7500.72 7500 7499.18 7498.25 7497.22 7496.08 
7493.66 7492.09 7490.35 7488.42 7486.34 7484.18 7482.02 7480.01 7478.35 7477.24 7476.84 7477.24 7478.35 7480.01 7482.02 7484.18 7486.34 7488.42 7490.35 7492.09 7493.66 7495.04 7496.26 7497.32 7498.25 7499.05 7499.73 7500.29 7500.73 7501.04 7501.24 7501.3 7501.24 7501.04 7500.73 7500.29 7499.73 7499.05 7498.25 7497.32 7496.26 7495.04 
7492.51 7490.72 7488.67 7486.34 7483.77 7481 7478.15 7475.41 7473.06 7471.44 7470.85 7471.44 7473.06 7475.41 7478.15 7481 7483.77 7486.34 7488.67 7490.72 7492.51 7494.05 7495.37 7496.5 7497.45 7498.25 7498.91 7499.44 7499.85 7500.15 7500.32 7500.38 7500.32 7500.15 7499.85 7499.44 7498.91 7498.25 7497.45 7496.5 7495.37 7494.05 
7491.41 7489.37 7486.96 7484.18 7481 7477.47 7473.69 7469.92 7466.52 7464.06 7463.13 7464.06 7466.52 7469.92 7473.69 7477.47 7481 7484.18 7486.96 7489.37 7491.41 7493.13 7494.58 7495.78 7496.77 7497.59 7498.25 7498.77 7499.17 7499.45 7499.61 7499.67 7499.61 7499.45 7499.17 7498.77 7498.25 7497.59 7496.77 7495.78 7494.58 7493.13 
7490.4 7488.09 7485.32 7482.02 7478.15 7473.69 7468.73 7463.49 7458.47 7454.56 7452.97 7454.56 7458.47 7463.49 7468.73 7473.69 7478.15 7482.02 7485.32 7488.09 7490.4 7492.31 7493.88 7495.17 7496.21 7497.06 7497.73 7498.25 7498.64 7498.91 7499.07 7499.12 7499.07 7498.91 7498.64 7498.25 7497.73 7497.06 7496.21 7495.17 7493.88 7492.31 
7489.53 7486.96 7483.83 7480.01 7475.41 7469.92 7463.49 7456.24 7448.68 7442.1 7438.98 7442.1 7448.68 7456.24 7463.49 7469.92 7475.41 7480.01 7483.83 7486.96 7489.53 7491.62 7493.31 7494.68 7495.77 7496.65 7497.33 7497.86 7498.25 7498.52 7498.68 7498.73 7498.68 7498.52 7498.25 7497.86 7497.33 7496.65 7495.77 7494.68 7493.31 7491.62 
7488.85 7486.07 7482.63 7478.35 7473.06 7466.52 7458.47 7448.68 7437.25 7425.49 7418.1 7425.49 7437.25 7448.68 7458.47 7466.52 7473.06 7478.35 7482.63 7486.07 7488.85 7491.09 7492.88 7494.32 7495.46 7496.35 7497.05 7497.59 7497.98 7498.25 7498.41 7498.46 7498.41 7498.25 7497.98 7497.59 7497.05 7496.35 7495.46 7494.32 7492.88 7491.09 
7488.42 7485.5 7481.84 7477.24 7471.44 7464.06 7454.56 7442.1 7425.49 7403.79 7381.75 7403.79 7425.49 7442.1 7454.56 7464.06 7471.44 7477.24 7481.84 7485.5 7488.42 7490.76 7492.62 7494.09 7495.26 7496.18 7496.89 7497.43 7497.82 7498.09 7498.25 7498.3 7498.25 7498.09 7497.82 7497.43 7496.89 7496.18 7495.26 7494.09 7492.62 7490.76 
7488.28 7485.3 7481.56 7476.84 7470.85 7463.13 7452.97 7438.98 7418.1 7381.75 7300.69 7381.75 7418.1 7438.98 7452.97 7463.13 7470.85 7476.84 7481.56 7485.3 7488.28 7490.64 7492.53 7494.02 7495.2 7496.12 7496.84 7497.38 7497.77 7498.04 7498.2 7498.25 7498.2 7498.04 7497.77 7497.38 7496.84 7496.12 7495.2 7494.02 7492.53 7490.64 
7488.42 7485.5 7481.84 7477.24 7471.44 7464.06 7454.56 7442.1 7425.49 7403.79 7381.75 7403.79 7425.49 7442.1 7454.56 7464.06 7471.44 7477.24 7481.84 7485.5 7488.42 7490.76 7492.62 7494.09 7495.26 7496.18 7496.89 7497.43 7497.82 7498.09 7498.25 7498.3 7498.25 7498.09 7497.82 7497.43 7496.89 7496.18 7495.26 7494.09 7492.62 7490.76 
7488.85 7486.07 7482.63 7478.35 7473.06 7466.52 7458.47 7448.68 7437.25 7425.49 7418.1 7425.49 7437.25 7448.68 7458.47 7466.52 7473.06 7478.35 7482.63 7486.07 7488.85 7491.09 7492.88 7494.32 7495.46 7496.35 7497.05 7497.59 7497.98 7498.25 7498.41 7498.46 7498.41 7498.25 7497.98 7497.59 7497.05 7496.35 7495.46 7494.32 7492.88 7491.09 
7489.53 7486.96 7483.83 7480.01 7475.41 7469.92 7463.49 7456.24 7448.68 7442.1 7438.98 7442.1 7448.68 7456.24 7463.49 7469.92 7475.41 7480.01 7483.83 7486.96 7489.53 7491.62 7493.31 7494.68 7495.77 7496.65 7497.33 7497.86 7498.25 7498.52 7498.68 7498.73 7498.68 7498.52 7498.25 7497.86 7497.33 7496.65 7495.77 7494.68 7493.31 7491.62 
7490.4 7488.09 7485.32 7482.02 7478.15 7473.69 7468.73 7463.49 7458.47 7454.56 7452.97 7454.56 7458.47 7463.49 7468.73 7473.69 7478.15 7482.02 7485.32 7488.09 7490.4 7492.31 7493.88 7495.17 7496.21 7497.06 7497.73 7498.25 7498.64 7498.91 7499.07 7499.12 7499.07 7498.91 7498.64 7498.25 7497.73 7497.06 7496.21 7495.17 7493.88 7492.31 
7491.41 7489.37 7486.96 7484.18 7481 7477.47 7473.69 7469.92 7466.52 7464.06 7463.13 7464.06 7466.52 7469.92 7473.69 7477.47 7481 7484.18 7486.96 7489.37 7491.41 7493.13 7494.58 7495.78 7496.77 7497.59 7498.25 7498.77 7499.17 7499.45 7499.61 7499.67 7499.61 7499.45 7499.17 7498.77 7498.25 7497.59 7496.77 7495.78 7494.58 7493.13 
7492.51 7490.72 7488.67 7486.34 7483.77 7481 7478.15 7475.41 7473.06 7471.44 7470.85 7471.44 7473.06 7475.41 7478.15 7481 7483.77 7486.34 7488.67 7490.72 7492.51 7494.05 7495.37 7496.5 7497.45 7498.25 7498.91 7499.44 7499.85 7500.15 7500.32 7500.38 7500.32 7500.15 7499.85 7499.44 7498.91 7498.25 7497.45 7496.5 7495.37 7494.05 
7493.66 7492.09 7490.35 7488.42 7486.34 7484.18 7482.02 7480.01 7478.35 7477.24 7476.84 7477.24 7478.35 7480.01 7482.02 7484.18 7486.34 7488.42 7490.35 7492.09 7493.66 7495.04 7496.26 7497.32 7498.25 7499.05 7499.73 7500.29 7500.73 7501.04 7501.24 7501.3 7501.24 7501.04 7500.73 7500.29 7499.73 7499.05 7498.25 7497.32 7496.26 7495.04 
7494.82 7493.44 7491.95 7490.35 7488.67 7486.96 7485.32 7483.83 7482.63 7481.84 7481.56 7481.84 7482.63 7483.83 7485.32 7486.96 7488.67 7490.35 7491.95 7493.44 7494.82 7496.08 7497.22 7498.25 7499.18 7500 7500.72 7501.33 7501.82 7502.18 7502.4 7502.48 7502.4 7502.18 7501.82 7501.33 7500.72 7500 7499.18 7498.25 7497.22 7496.08 
7495.98 7494.74 7493.44 7492.09 7490.72 7489.37 7488.09 7486.96 7486.07 7485.5 7485.3 7485.5 7486.07 7486.96 7488.09 7489.37 7490.72 7492.09 7493.44 7494.74 7495.98 7497.15 7498.25 7499.28 7500.24 7501.12 7501.92 7502.62 7503.19 7503.61 7503.88 7503.97 7503.88 7503.61 7503.19 7502.62 7501.92 7501.12 7500.24 7499.28 7498.25 7497.15 
7497.12 7495.98 7494.82 7493.66 7492.51 7491.41 7490.4 7489.53 7488.85 7488.42 7488.28 7488.42 7488.85 7489.53 7490.4 7491.41 7492.51 7493.66 7494.82 7495.98 7497.12 7498.25 7499.35 7500.42 7501.46 7502.44 7503.36 7504.19 7504.88 7505.41 7505.74 7505.85 7505.74 7505.41 7504.88 7504.19 7503.36 7502.44 7501.46 7500.42 7499.35 7498.25 
7498.25 7497.15 7496.08 7495.04 7494.05 7493.13 7492.31 7491.62 7491.09 7490.76 7490.64 7490.76 7491.09 7491.62 7492.31 7493.13 7494.05 7495.04 7496.08 7497.15 7498.25 7499.37 7500.52 7501.68 7502.84 7503.99 7505.09 7506.1 7506.97 7507.64 7508.07 7508.22 7508.07 7507.64 7506.97 7506.1 7505.09 7503.99 7502.84 7501.68 7500.52 7499.37 
7499.35 7498.25 7497.22 7496.26 7495.37 7494.58 7493.88 7493.31 7492.88 7492.62 7492.53 7492.62 7492.88 7493.31 7493.88 7494.58 7495.37 7496.26 7497.22 7498.25 7499.35 7500.52 7501.75 7503.05 7504.4 7505.77 7507.13 7508.4 7509.53 7510.42 7510.99 7511.19 7510.99 7510.42 7509.53 7508.4 7507.13 7505.77 7504.4 7503.05 7501.75 7500.52 
7500.42 7499.28 7498.25 7497.32 7496.5 7495.78 7495.17 7494.68 7494.32 7494.09 7494.02 7494.09 7494.32 7494.68 7495.17 7495.78 7496.5 7497.32 7498.25 7499.28 7500.42 7501.68 7503.05 7504.55 7506.15 7507.83 7509.53 7511.18 7512.67 7513.87 7514.66 7514.93 7514.66 7513.87 7512.67 7511.18 7509.53 7507.83 7506.15 7504.55 7503.05 7501.68 
7501.46 7500.24 7499.18 7498.25 7497.45 7496.77 7496.21 7495.77 7495.46 7495.26 7495.2 7495.26 7495.46 7495.77 7496.21 7496.77 7497.45 7498.25 7499.18 7500.24 7501.46 7502.84 7504.4 7506.15 7508.07 7510.15 7512.32 7514.47 7516.48 7518.14 7519.26 7519.65 7519.26 7518.14 7516.48 7514.47 7512.32 7510.15 7508.07 7506.15 7504.4 7502.84 
7502.44 7501.12 7500 7499.05 7498.25 7497.59 7497.06 7496.65 7496.35 7496.18 7496.12 7496.18 7496.35 7496.65 7497.06 7497.59 7498.25 7499.05 7500 7501.12 7502.44 7503.99 7505.77 7507.83 7510.15 7512.72 7515.5 7518.35 7521.08 7523.44 7525.06 7525.65 7525.06 7523.44 7521.08 7518.35 7515.5 7512.72 7510.15 7507.83 7505.77 7503.99 
7503.36 7501.92 7500.72 7499.73 7498.91 7498.25 7497.73 7497.33 7497.05 7496.89 7496.84 7496.89 7497.05 7497.33 7497.73 7498.25 7498.91 7499.73 7500.72 7501.92 7503.36 7505.09 7507.13 7509.53 7512.32 7515.5 7519.03 7522.8 7526.58 7529.98 7532.45 7533.37 7532.45 7529.98 7526.58 7522.8 7519.03 7515.5 7512.32 7509.53 7507.13 7505.09 
7504.19 7502.62 7501.33 7500.29 7499.44 7498.77 7498.25 7497.86 7497.59 7497.43 7497.38 7497.43 7497.59 7497.86 7498.25 7498.77 7499.44 7500.29 7501.33 7502.62 7504.19 7506.1 7508.4 7511.18 7514.47 7518.35 7522.8 7527.77 7533.02 7538.05 7541.96 7543.56 7541.96 7538.05 7533.02 7527.77 7522.8 7518.35 7514.47 7511.18 7508.4 7506.1 
7504.88 7503.19 7501.82 7500.73 7499.85 7499.17 7498.64 7498.25 7497.98 7497.82 7497.77 7497.82 7497.98 7498.25 7498.64 7499.17 7499.85 7500.73 7501.82 7503.19 7504.88 7506.97 7509.53 7512.67 7516.48 7521.08 7526.58 7533.02 7540.28 7547.86 7554.46 7557.58 7554.46 7547.86 7540.28 7533.02 7526.58 7521.08 7516.48 7512.67 7509.53 7506.97 
7505.41 7503.61 7502.18 7501.04 7500.15 7499.45 7498.91 7498.52 7498.25 7498.09 7498.04 7498.09 7498.25 7498.52 7498.91 7499.45 7500.15 7501.04 7502.18 7503.61 7505.41 7507.64 7510.42 7513.87 7518.14 7523.44 7529.98 7538.05 7547.86 7559.31 7571.12 7578.54 7571.12 7559.31 7547.86 7538.05 7529.98 7523.44 7518.14 7513.87 7510.42 7507.64 
7505.74 7503.88 7502.4 7501.24 7500.32 7499.61 7499.07 7498.68 7498.41 7498.25 7498.2 7498.25 7498.41 7498.68 7499.07 7499.61 7500.32 7501.24 7502.4 7503.88 7505.74 7508.07 7510.99 7514.66 7519.26 7525.06 7532.45 7541.96 7554.46 7571.12 7592.92 7615.09 7592.92 7571.12 7554.46 7541.96 7532.45 7525.06 7519.26 7514.66 7510.99 7508.07 
7505.85 7503.97 7502.48 7501.3 7500.38 7499.67 7499.12 7498.73 7498.46 7498.3 7498.25 7498.3 7498.46 7498.73 7499.12 7499.67 7500.38 7501.3 7502.48 7503.97 7505.85 7508.22 7511.19 7514.93 7519.65 7525.65 7533.37 7543.56 7557.58 7578.54 7615.09 7696.9 7615.09 7578.54 7557.58 7543.56 7533.37 7525.65 7519.65 7514.93 7511.19 7508.22 
7505.74 7503.88 7502.4 7501.24 7500.32 7499.61 7499.07 7498.68 7498.41 7498.25 7498.2 7498.25 7498.41 7498.68 7499.07 7499.61 7500.32 7501.24 7502.4 7503.88 7505.74 7508.07 7510.99 7514.66 7519.26 7525.06 7532.45 7541.96 7554.46 7571.12 7592.92 7615.09 7592.92 7571.12 7554.46 7541.96 7532.45 7525.06 7519.26 7514.66 7510.99 7508.07 
7505.41 7503.61 7502.18 7501.04 7500.15 7499.45 7498.91 7498.52 7498.25 7498.09 7498.04 7498.09 7498.25 7498.52 7498.91 7499.45 7500.15 7501.04 7502.18 7503.61 7505.41 7507.64 7510.42 7513.87 7518.14 7523.44 7529.98 7538.05 7547.86 7559.31 7571.12 7578.54 7571.12 7559.31 7547.86 7538.05 7529.98 7523.44 7518.14 7513.87 7510.42 7507.64 
7504.88 7503.19 7501.82 7500.73 7499.85 7499.17 7498.64 7498.25 7497.98 7497.82 7497.77 7497.82 7497.98 7498.25 7498.64 7499.17 7499.85 7500.73 7501.82 7503.19 7504.88 7506.97 7509.53 7512.67 7516.48 7521.08 7526.58 7533.02 7540.28 7547.86 7554.46 7557.58 7554.46 7547.86 7540.28 7533.02 7526.58 7521.08 7516.48 7512.67 7509.53 7506.97 
7504.19 7502.62 7501.33 7500.29 7499.44 7498.77 7498.25 7497.86 7497.59 7497.43 7497.38 7497.43 7497.59 7497.86 7498.25 7498.77 7499.44 7500.29 7501.33 7502.62 7504.19 7506.1 7508.4 7511.18 7514.47 7518.35 7522.8 7527.77 7533.02 7538.05 7541.96 7543.56 7541.96 7538.05 7533.02 7527.77 7522.8 7518.35 7514.47 7511.18 7508.4 7506.1 
7503.36 7501.92 7500.72 7499.73 7498.91 7498.25 7497.73 7497.33 7497.05 7496.89 7496.84 7496.89 7497.05 7497.33 7497.73 7498.25 7498.91 7499.73 7500.72 7501.92 7503.36 7505.09 7507.13 7509.53 7512.32 7515.5 7519.03 7522.8 7526.58 7529.98 7532.45 7533.37 7532.45 7529.98 7526.58 7522.8 7519.03 7515.5 7512.32 7509.53 7507.13 7505.09 
7502.44 7501.12 7500 7499.05 7498.25 7497.59 7497.06 7496.65 7496.35 7496.18 7496.12 7496.18 7496.35 7496.65 7497.06 7497.59 7498.25 7499.05 7500 7501.12 7502.44 7503.99 7505.77 7507.83 7510.15 7512.72 7515.5 7518.35 7521.08 7523.44 7525.06 7525.65 7525.06 7523.44 7521.08 7518.35 7515.5 7512.72 7510.15 7507.83 7505.77 7503.99 
7501.46 7500.24 7499.18 7498.25 7497.45 7496.77 7496.21 7495.77 7495.46 7495.26 7495.2 7495.26 7495.46 7495.77 7496.21 7496.77 7497.45 7498.25 7499.18 7500.24 7501.46 7502.84 7504.4 7506.15 7508.07 7510.15 7512.32 7514.47 7516.48 7518.14 7519.26 7519.65 7519.26 7518.14 7516.48 7514.47 7512.32 7510.15 7508.07 7506.15 7504.4 7502.84 
7500.42 7499.28 7498.25 7497.32 7496.5 7495.78 7495.17 7494.68 7494.32 7494.09 7494.02 7494.09 7494.32 7494.68 7495.17 7495.78 7496.5 7497.32 7498.25 7499.28 7500.42 7501.68 7503.05 7504.55 7506.15 7507.83 7509.53 7511.18 7512.67 7513.87 7514.66 7514.93 7514.66 7513.87 7512.67 7511.18 7509.53 7507.83 7506.15 7504.55 7503.05 7501.68 
7499.35 7498.25 7497.22 7496.26 7495.37 7494.58 7493.88 7493.31 7492.88 7492.62 7492.53 7492.62 7492.88 7493.31 7493.88 7494.58 7495.37 7496.26 7497.22 7498.25 7499.35 7500.52 7501.75 7503.05 7504.4 7505.77 7507.13 7508.4 7509.53 7510.42 7510.99 7511.19 7510.99 7510.42 7509.53 7508.4 7507.13 7505.77 7504.4 7503.05 7501.75 7500.52 
7498.25 7497.15 7496.08 7495.04 7494.05 7493.13 7492.31 7491.62 7491.09 7490.76 7490.64 7490.76 7491.09 7491.62 7492.31 7493.13 7494.05 7495.04 7496.08 7497.15 7498.25 7499.37 7500.52 7501.68 7502.84 7503.99 7505.09 7506.1 7506.97 7507.64 7508.07 7508.22 7508.07 7507.64 7506.97 7506.1 7505.09 7503.99 7502.84 7501.68 7500.52 7499.37 
