7495.14 7492.04 7488.99 7486.04 7483.25 7480.69 7478.43 7476.56 7475.16 7474.28 7473.98 7474.28 7475.16 7476.56 7478.43 7480.69 7483.25 7486.04 7488.99 7492.04 7495.14 7498.24 7501.29 7504.24 7507.05 7509.67 7512.03 7514.09 7515.77 7517.02 7517.79 7518.05 7517.79 7517.02 7515.77 7514.09 7512.03 7509.67 7507.05 7504.24 7501.29 7498.24 
7492.04 7488.84 7485.63 7482.48 7479.45 7476.61 7474.07 7471.93 7470.3 7469.27 7468.92 7469.27 7470.3 7471.93 7474.07 7476.61 7479.45 7482.48 7485.63 7488.84 7492.04 7495.19 7498.24 7501.15 7503.87 7506.37 7508.6 7510.51 7512.06 7513.2 7513.9 7514.14 7513.9 7513.2 7512.06 7510.51 7508.6 7506.37 7503.87 7501.15 7498.24 7495.19 
7488.99 7485.63 7482.22 7478.79 7475.43 7472.22 7469.29 7466.77 7464.8 7463.55 7463.12 7463.55 7464.8 7466.77 7469.29 7472.22 7475.43 7478.79 7482.22 7485.63 7488.99 7492.23 7495.33 7498.24 7500.92 7503.36 7505.5 7507.32 7508.78 7509.84 7510.49 7510.71 7510.49 7509.84 7508.78 7507.32 7505.5 7503.36 7500.92 7498.24 7495.33 7492.23 
7486.04 7482.48 7478.79 7475.02 7471.23 7467.54 7464.07 7461.01 7458.57 7456.99 7456.43 7456.99 7458.57 7461.01 7464.07 7467.54 7471.23 7475.02 7478.79 7482.48 7486.04 7489.42 7492.6 7495.55 7498.24 7500.64 7502.74 7504.5 7505.9 7506.91 7507.53 7507.74 7507.53 7506.91 7505.9 7504.5 7502.74 7500.64 7498.24 7495.55 7492.6 7489.42 
7483.25 7479.45 7475.43 7471.23 7466.92 7462.6 7458.42 7454.6 7451.47 7449.36 7448.61 7449.36 7451.47 7454.6 7458.42 7462.6 7466.92 7471.23 7475.43 7479.45 7483.25 7486.81 7490.1 7493.11 7495.83 7498.24 7500.31 7502.04 7503.41 7504.4 7504.99 7505.19 7504.99 7504.4 7503.41 7502.04 7500.31 7498.24 7495.83 7493.11 7490.1 7486.81 
7480.69 7476.61 7472.22 7467.54 7462.6 7457.49 7452.36 7447.49 7443.29 7440.34 7439.25 7440.34 7443.29 7447.49 7452.36 7457.49 7462.6 7467.54 7472.22 7476.61 7480.69 7484.44 7487.87 7490.97 7493.74 7496.16 7498.24 7499.95 7501.3 7502.27 7502.86 7503.06 7502.86 7502.27 7501.3 7499.95 7498.24 7496.16 7493.74 7490.97 7487.87 7484.44 
7478.43 7474.07 7469.29 7464.07 7458.42 7452.36 7446.03 7439.67 7433.84 7429.43 7427.67 7429.43 7433.84 7439.67 7446.03 7452.36 7458.42 7464.07 7469.29 7474.07 7478.43 7482.39 7485.96 7489.15 7491.98 7494.43 7496.52 7498.24 7499.58 7500.54 7501.12 7501.32 7501.12 7500.54 7499.58 7498.24 7496.52 7494.43 7491.98 7489.15 7485.96 7482.39 
7476.56 7471.93 7466.77 7461.01 7454.6 7447.49 7439.67 7431.3 7422.91 7415.83 7412.55 7415.83 7422.91 7431.3 7439.67 7447.49 7454.6 7461.01 7466.77 7471.93 7476.56 7480.71 7484.42 7487.7 7490.58 7493.07 7495.17 7496.89 7498.24 7499.2 7499.77 7499.97 7499.77 7499.2 7498.24 7496.89 7495.17 7493.07 7490.58 7487.7 7484.42 7480.71 
7475.16 7470.3 7464.8 7458.57 7451.47 7443.29 7433.84 7422.91 7410.66 7398.38 7390.83 7398.38 7410.66 7422.91 7433.84 7443.29 7451.47 7458.57 7464.8 7470.3 7475.16 7479.47 7483.28 7486.63 7489.56 7492.08 7494.2 7495.93 7497.28 7498.24 7498.81 7499.01 7498.81 7498.24 7497.28 7495.93 7494.2 7492.08 7489.56 7486.63 7483.28 7479.47 
7474.28 7469.27 7463.55 7456.99 7449.36 7440.34 7429.43 7415.83 7398.38 7376.19 7353.99 7376.19 7398.38 7415.83 7429.43 7440.34 7449.36 7456.99 7463.55 7469.27 7474.28 7478.7 7482.58 7485.98 7488.94 7491.48 7493.61 7495.35 7496.7 7497.66 7498.24 7498.43 7498.24 7497.66 7496.7 7495.35 7493.61 7491.48 7488.94 7485.98 7482.58 7478.7 
7473.98 7468.92 7463.12 7456.43 7448.61 7439.25 7427.67 7412.55 7390.83 7353.99 7272.81 7353.99 7390.83 7412.55 7427.67 7439.25 7448.61 7456.43 7463.12 7468.92 7473.98 7478.43 7482.34 7485.76 7488.74 7491.28 7493.42 7495.16 7496.51 7497.47 7498.04 7498.24 7498.04 7497.47 7496.51 7495.16 7493.42 7491.28 7488.74 7485.76 7482.34 7478.43 
7474.28 7469.27 7463.55 7456.99 7449.36 7440.34 7429.43 7415.83 7398.38 7376.19 7353.99 7376.19 7398.38 7415.83 7429.43 7440.34 7449.36 7456.99 7463.55 7469.27 7474.28 7478.7 7482.58 7485.98 7488.94 7491.48 7493.61 7495.35 7496.7 7497.66 7498.24 7498.43 7498.24 7497.66 7496.7 7495.35 7493.61 7491.48 7488.94 7485.98 7482.58 7478.7 
7475.16 7470.3 7464.8 7458.57 7451.47 7443.29 7433.84 7422.91 7410.66 7398.38 7390.83 7398.38 7410.66 7422.91 7433.84 7443.29 7451.47 7458.57 7464.8 7470.3 7475.16 7479.47 7483.28 7486.63 7489.56 7492.08 7494.2 7495.93 7497.28 7498.24 7498.81 7499.01 7498.81 7498.24 7497.28 7495.93 7494.2 7492.08 7489.56 7486.63 7483.28 7479.47 
7476.56 7471.93 7466.77 7461.01 7454.6 7447.49 7439.67 7431.3 7422.91 7415.83 7412.55 7415.83 7422.91 7431.3 7439.67 7447.49 7454.6 7461.01 7466.77 7471.93 7476.56 7480.71 7484.42 7487.7 7490.58 7493.07 7495.17 7496.89 7498.24 7499.2 7499.77 7499.97 7499.77 7499.2 7498.24 7496.89 7495.17 7493.07 7490.58 7487.7 7484.42 7480.71 
7478.43 7474.07 7469.29 7464.07 7458.42 7452.36 7446.03 7439.67 7433.84 7429.43 7427.67 7429.43 7433.84 7439.67 7446.03 7452.36 7458.42 7464.07 7469.29 7474.07 7478.43 7482.39 7485.96 7489.15 7491.98 7494.43 7496.52 7498.24 7499.58 7500.54 7501.12 7501.32 7501.12 7500.54 7499.58 7498.24 7496.52 7494.43 7491.98 7489.15 7485.96 7482.39 
7480.69 7476.61 7472.22 7467.54 7462.6 7457.49 7452.36 7447.49 7443.29 7440.34 7439.25 7440.34 7443.29 7447.49 7452.36 7457.49 7462.6 7467.54 7472.22 7476.61 7480.69 7484.44 7487.87 7490.97 7493.74 7496.16 7498.24 7499.95 7501.3 7502.27 7502.86 7503.06 7502.86 7502.27 7501.3 7499.95 7498.24 7496.16 7493.74 7490.97 7487.87 7484.44 
7483.25 7479.45 7475.43 7471.23 7466.92 7462.6 7458.42 7454.6 7451.47 7449.36 7448.61 7449.36 7451.47 7454.6 7458.42 7462.6 7466.92 7471.23 7475.43 7479.45 7483.25 7486.81 7490.1 7493.11 7495.83 7498.24 7500.31 7502.04 7503.41 7504.4 7504.99 7505.19 7504.99 7504.4 7503.41 7502.04 7500.31 7498.24 7495.83 7493.11 7490.1 7486.81 
7486.04 7482.48 7478.79 7475.02 7471.23 7467.54 7464.07 7461.01 7458.57 7456.99 7456.43 7456.99 7458.57 7461.01 7464.07 7467.54 7471.23 7475.02 7478.79 7482.48 7486.04 7489.42 7492.6 7495.55 7498.24 7500.64 7502.74 7504.5 7505.9 7506.91 7507.53 7507.74 7507.53 7506.91 7505.9 7504.5 7502.74 7500.64 7498.24 7495.55 7492.6 7489.42 
7488.99 7485.63 7482.22 7478.79 7475.43 7472.22 7469.29 7466.77 7464.8 7463.55 7463.12 7463.55 7464.8 7466.77 7469.29 7472.22 7475.43 7478.79 7482.22 7485.63 7488.99 7492.23 7495.33 7498.24 7500.92 7503.36 7505.5 7507.32 7508.78 7509.84 7510.49 7510.71 7510.49 7509.84 7508.78 7507.32 7505.5 7503.36 7500.92 7498.24 7495.33 7492.23 
7492.04 7488.84 7485.63 7482.48 7479.45 7476.61 7474.07 7471.93 7470.3 7469.27 7468.92 7469.27 7470.3 7471.93 7474.07 7476.61 7479.45 7482.48 7485.63 7488.84 7492.04 7495.19 7498.24 7501.15 7503.87 7506.37 7508.6 7510.51 7512.06 7513.2 7513.9 7514.14 7513.9 7513.2 7512.06 7510.51 7508.6 7506.37 7503.87 7501.15 7498.24 7495.19 
7495.14 7492.04 7488.99 7486.04 7483.25 7480.69 7478.43 7476.56 7475.16 7474.28 7473.98 7474.28 7475.16 7476.56 7478.43 7480.69 7483.25 7486.04 7488.99 7492.04 7495.14 7498.24 7501.29 7504.24 7507.05 7509.67 7512.03 7514.09 7515.77 7517.02 7517.79 7518.05 7517.79 7517.02 7515.77 7514.09 7512.03 7509.67 7507.05 7504.24 7501.29 7498.24 
7498.24 7495.19 7492.23 7489.42 7486.81 7484.44 7482.39 7480.71 7479.47 7478.7 7478.43 7478.7 7479.47 7480.71 7482.39 7484.44 7486.81 7489.42 7492.23 7495.19 7498.24 7501.33 7504.43 7507.49 7510.44 7513.23 7515.79 7518.05 7519.92 7521.33 7522.2 7522.5 7522.2 7521.33 7519.92 7518.05 7515.79 7513.23 7510.44 7507.49 7504.43 7501.33 
7501.29 7498.24 7495.33 7492.6 7490.1 7487.87 7485.96 7484.42 7483.28 7482.58 7482.34 7482.58 7483.28 7484.42 7485.96 7487.87 7490.1 7492.6 7495.33 7498.24 7501.29 7504.43 7507.63 7510.84 7514 7517.03 7519.87 7522.41 7524.56 7526.2 7527.23 7527.58 7527.23 7526.2 7524.56 7522.41 7519.87 7517.03 7514 7510.84 7507.63 7504.43 
7504.24 7501.15 7498.24 7495.55 7493.11 7490.97 7489.15 7487.7 7486.63 7485.98 7485.76 7485.98 7486.63 7487.7 7489.15 7490.97 7493.11 7495.55 7498.24 7501.15 7504.24 7507.49 7510.84 7514.26 7517.69 7521.06 7524.27 7527.2 7529.73 7531.7 7532.95 7533.38 7532.95 7531.7 7529.73 7527.2 7524.27 7521.06 7517.69 7514.26 7510.84 7507.49 
7507.05 7503.87 7500.92 7498.24 7495.83 7493.74 7491.98 7490.58 7489.56 7488.94 7488.74 7488.94 7489.56 7490.58 7491.98 7493.74 7495.83 7498.24 7500.92 7503.87 7507.05 7510.44 7514 7517.69 7521.47 7525.26 7528.96 7532.43 7535.5 7537.94 7539.53 7540.08 7539.53 7537.94 7535.5 7532.43 7528.96 7525.26 7521.47 7517.69 7514 7510.44 
7509.67 7506.37 7503.36 7500.64 7498.24 7496.16 7494.43 7493.07 7492.08 7491.48 7491.28 7491.48 7492.08 7493.07 7494.43 7496.16 7498.24 7500.64 7503.36 7506.37 7509.67 7513.23 7517.03 7521.06 7525.26 7529.58 7533.91 7538.1 7541.92 7545.07 7547.18 7547.93 7547.18 7545.07 7541.92 7538.1 7533.91 7529.58 7525.26 7521.06 7517.03 7513.23 
7512.03 7508.6 7505.5 7502.74 7500.31 7498.24 7496.52 7495.17 7494.2 7493.61 7493.42 7493.61 7494.2 7495.17 7496.52 7498.24 7500.31 7502.74 7505.5 7508.6 7512.03 7515.79 7519.87 7524.27 7528.96 7533.91 7539.03 7544.16 7549.05 7553.26 7556.22 7557.32 7556.22 7553.26 7549.05 7544.16 7539.03 7533.91 7528.96 7524.27 7519.87 7515.79 
7514.09 7510.51 7507.32 7504.5 7502.04 7499.95 7498.24 7496.89 7495.93 7495.35 7495.16 7495.35 7495.93 7496.89 7498.24 7499.95 7502.04 7504.5 7507.32 7510.51 7514.09 7518.05 7522.41 7527.2 7532.43 7538.1 7544.16 7550.52 7556.89 7562.75 7567.18 7568.94 7567.18 7562.75 7556.89 7550.52 7544.16 7538.1 7532.43 7527.2 7522.41 7518.05 
7515.77 7512.06 7508.78 7505.9 7503.41 7501.3 7499.58 7498.24 7497.28 7496.7 7496.51 7496.7 7497.28 7498.24 7499.58 7501.3 7503.41 7505.9 7508.78 7512.06 7515.77 7519.92 7524.56 7529.73 7535.5 7541.92 7549.05 7556.89 7565.29 7573.72 7580.84 7584.13 7580.84 7573.72 7565.29 7556.89 7549.05 7541.92 7535.5 7529.73 7524.56 7519.92 
7517.02 7513.2 7509.84 7506.91 7504.4 7502.27 7500.54 7499.2 7498.24 7497.66 7497.47 7497.66 7498.24 7499.2 7500.54 7502.27 7504.4 7506.91 7509.84 7513.2 7517.02 7521.33 7526.2 7531.7 7537.94 7545.07 7553.26 7562.75 7573.72 7586.03 7598.37 7605.97 7598.37 7586.03 7573.72 7562.75 7553.26 7545.07 7537.94 7531.7 7526.2 7521.33 
7517.79 7513.9 7510.49 7507.53 7504.99 7502.86 7501.12 7499.77 7498.81 7498.24 7498.04 7498.24 7498.81 7499.77 7501.12 7502.86 7504.99 7507.53 7510.49 7513.9 7517.79 7522.2 7527.23 7532.95 7539.53 7547.18 7556.22 7567.18 7580.84 7598.37 7620.71 7643.08 7620.71 7598.37 7580.84 7567.18 7556.22 7547.18 7539.53 7532.95 7527.23 7522.2 
7518.05 7514.14 7510.71 7507.74 7505.19 7503.06 7501.32 7499.97 7499.01 7498.43 7498.24 7498.43 7499.01 7499.97 7501.32 7503.06 7505.19 7507.74 7510.71 7514.14 7518.05 7522.5 7527.58 7533.38 7540.08 7547.93 7557.32 7568.94 7584.13 7605.97 7643.08 7725.14 7643.08 7605.97 7584.13 7568.94 7557.32 7547.93 7540.08 7533.38 7527.58 7522.5 
7517.79 7513.9 7510.49 7507.53 7504.99 7502.86 7501.12 7499.77 7498.81 7498.24 7498.04 7498.24 7498.81 7499.77 7501.12 7502.86 7504.99 7507.53 7510.49 7513.9 7517.79 7522.2 7527.23 7532.95 7539.53 7547.18 7556.22 7567.18 7580.84 7598.37 7620.71 7643.08 7620.71 7598.37 7580.84 7567.18 7556.22 7547.18 7539.53 7532.95 7527.23 7522.2 
7517.02 7513.2 7509.84 7506.91 7504.4 7502.27 7500.54 7499.2 7498.24 7497.66 7497.47 7497.66 7498.24 7499.2 7500.54 7502.27 7504.4 7506.91 7509.84 7513.2 7517.02 7521.33 7526.2 7531.7 7537.94 7545.07 7553.26 7562.75 7573.72 7586.03 7598.37 7605.97 7598.37 7586.03 7573.72 7562.75 7553.26 7545.07 7537.94 7531.7 7526.2 7521.33 
7515.77 7512.06 7508.78 7505.9 7503.41 7501.3 7499.58 7498.24 7497.28 7496.7 7496.51 7496.7 7497.28 7498.24 7499.58 7501.3 7503.41 7505.9 7508.78 7512.06 7515.77 7519.92 7524.56 7529.73 7535.5 7541.92 7549.05 7556.89 7565.29 7573.72 7580.84 7584.13 7580.84 7573.72 7565.29 7556.89 7549.05 7541.92 7535.5 7529.73 7524.56 7519.92 
7514.09 7510.51 7507.32 7504.5 7502.04 7499.95 7498.24 7496.89 7495.93 7495.35 7495.16 7495.35 7495.93 7496.89 7498.24 7499.95 7502.04 7504.5 7507.32 7510.51 7514.09 7518.05 7522.41 7527.2 7532.43 7538.1 7544.16 7550.52 7556.89 7562.75 7567.18 7568.94 7567.18 7562.75 7556.89 7550.52 7544.16 7538.1 7532.43 7527.2 7522.41 7518.05 
7512.03 7508.6 7505.5 7502.74 7500.31 7498.24 7496.52 7495.17 7494.2 7493.61 7493.42 7493.61 7494.2 7495.17 7496.52 7498.24 7500.31 7502.74 7505.5 7508.6 7512.03 7515.79 7519.87 7524.27 7528.96 7533.91 7539.03 7544.16 7549.05 7553.26 7556.22 7557.32 7556.22 7553.26 7549.05 7544.16 7539.03 7533.91 7528.96 7524.27 7519.87 7515.79 
7509.67 7506.37 7503.36 7500.64 7498.24 7496.16 7494.43 7493.07 7492.08 7491.48 7491.28 7491.48 7492.08 7493.07 7494.43 7496.16 7498.24 7500.64 7503.36 7506.37 7509.67 7513.23 7517.03 7521.06 7525.26 7529.58 7533.91 7538.1 7541.92 7545.07 7547.18 7547.93 7547.18 7545.07 7541.92 7538.1 7533.91 7529.58 7525.26 7521.06 7517.03 7513.23 
7507.05 7503.87 7500.92 7498.24 7495.83 7493.74 7491.98 7490.58 7489.56 7488.94 7488.74 7488.94 7489.56 7490.58 7491.98 7493.74 7495.83 7498.24 7500.92 7503.87 7507.05 7510.44 7514 7517.69 7521.47 7525.26 7528.96 7532.43 7535.5 7537.94 7539.53 7540.08 7539.53 7537.94 7535.5 7532.43 7528.96 7525.26 7521.47 7517.69 7514 7510.44 
7504.24 7501.15 7498.24 7495.55 7493.11 7490.97 7489.15 7487.7 7486.63 7485.98 7485.76 7485.98 7486.63 7487.7 7489.15 7490.97 7493.11 7495.55 7498.24 7501.15 7504.24 7507.49 7510.84 7514.26 7517.69 7521.06 7524.27 7527.2 7529.73 7531.7 7532.95 7533.38 7532.95 7531.7 7529.73 7527.2 7524.27 7521.06 7517.69 7514.26 7510.84 7507.49 
7501.29 7498.24 7495.33 7492.6 7490.1 7487.87 7485.96 7484.42 7483.28 7482.58 7482.34 7482.58 7483.28 7484.42 7485.96 7487.87 7490.1 7492.6 7495.33 7498.24 7501.29 7504.43 7507.63 7510.84 7514 7517.03 7519.87 7522.41 7524.56 7526.2 7527.23 7527.58 7527.23 7526.2 7524.56 7522.41 7519.87 7517.03 7514 7510.84 7507.63 7504.43 
7498.24 7495.19 7492.23 7489.42 7486.81 7484.44 7482.39 7480.71 7479.47 7478.7 7478.43 7478.7 7479.47 7480.71 7482.39 7484.44 7486.81 7489.42 7492.23 7495.19 7498.24 7501.33 7504.43 7507.49 7510.44 7513.23 7515.79 7518.05 7519.92 7521.33 7522.2 7522.5 7522.2 7521.33 7519.92 7518.05 7515.79 7513.23 7510.44 7507.49 7504.43 7501.33 
