7495.1 7491.96 7488.87 7485.88 7483.06 7480.47 7478.19 7476.3 7474.88 7473.99 7473.69 7473.99 7474.88 7476.3 7478.19 7480.47 7483.06 7485.88 7488.87 7491.96 7495.1 7498.24 7501.33 7504.32 7507.17 7509.82 7512.21 7514.29 7515.99 7517.26 7518.04 7518.3 7518.04 7517.26 7515.99 7514.29 7512.21 7509.82 7507.17 7504.32 7501.33 7498.24 
7491.96 7488.72 7485.47 7482.28 7479.22 7476.35 7473.79 7471.62 7469.98 7468.94 7468.58 7468.94 7469.98 7471.62 7473.79 7476.35 7479.22 7482.28 7485.47 7488.72 7491.96 7495.15 7498.24 7501.18 7503.95 7506.48 7508.74 7510.68 7512.25 7513.4 7514.11 7514.35 7514.11 7513.4 7512.25 7510.68 7508.74 7506.48 7503.95 7501.18 7498.24 7495.15 
7488.87 7485.47 7482.02 7478.55 7475.16 7471.92 7468.96 7466.42 7464.44 7463.18 7462.75 7463.18 7464.44 7466.42 7468.96 7471.92 7475.16 7478.55 7482.02 7485.47 7488.87 7492.15 7495.29 7498.24 7500.96 7503.43 7505.6 7507.45 7508.92 7510 7510.66 7510.88 7510.66 7510 7508.92 7507.45 7505.6 7503.43 7500.96 7498.24 7495.29 7492.15 
7485.88 7482.28 7478.55 7474.74 7470.92 7467.2 7463.71 7460.63 7458.18 7456.58 7456.03 7456.58 7458.18 7460.63 7463.71 7467.2 7470.92 7474.74 7478.55 7482.28 7485.88 7489.3 7492.52 7495.51 7498.24 7500.67 7502.8 7504.59 7506.01 7507.04 7507.67 7507.88 7507.67 7507.04 7506.01 7504.59 7502.8 7500.67 7498.24 7495.51 7492.52 7489.3 
7483.06 7479.22 7475.16 7470.92 7466.58 7462.23 7458.02 7454.19 7451.04 7448.92 7448.17 7448.92 7451.04 7454.19 7458.02 7462.23 7466.58 7470.92 7475.16 7479.22 7483.06 7486.66 7489.99 7493.04 7495.8 7498.24 7500.34 7502.1 7503.48 7504.49 7505.09 7505.3 7505.09 7504.49 7503.48 7502.1 7500.34 7498.24 7495.8 7493.04 7489.99 7486.66 
7480.47 7476.35 7471.92 7467.2 7462.23 7457.09 7451.94 7447.05 7442.83 7439.87 7438.78 7439.87 7442.83 7447.05 7451.94 7457.09 7462.23 7467.2 7471.92 7476.35 7480.47 7484.26 7487.73 7490.87 7493.67 7496.13 7498.24 7499.98 7501.35 7502.33 7502.93 7503.13 7502.93 7502.33 7501.35 7499.98 7498.24 7496.13 7493.67 7490.87 7487.73 7484.26 
7478.19 7473.79 7468.96 7463.71 7458.02 7451.94 7445.58 7439.2 7433.35 7428.93 7427.17 7428.93 7433.35 7439.2 7445.58 7451.94 7458.02 7463.71 7468.96 7473.79 7478.19 7482.19 7485.8 7489.03 7491.89 7494.38 7496.49 7498.24 7499.6 7500.58 7501.17 7501.36 7501.17 7500.58 7499.6 7498.24 7496.49 7494.38 7491.89 7489.03 7485.8 7482.19 
7476.3 7471.62 7466.42 7460.63 7454.19 7447.05 7439.2 7430.81 7422.41 7415.31 7412.03 7415.31 7422.41 7430.81 7439.2 7447.05 7454.19 7460.63 7466.42 7471.62 7476.3 7480.49 7484.23 7487.55 7490.47 7492.99 7495.12 7496.87 7498.24 7499.21 7499.8 7499.99 7499.8 7499.21 7498.24 7496.87 7495.12 7492.99 7490.47 7487.55 7484.23 7480.49 
7474.88 7469.98 7464.44 7458.18 7451.04 7442.83 7433.35 7422.41 7410.14 7397.85 7390.3 7397.85 7410.14 7422.41 7433.35 7442.83 7451.04 7458.18 7464.44 7469.98 7474.88 7479.23 7483.08 7486.47 7489.44 7491.99 7494.14 7495.9 7497.26 7498.24 7498.82 7499.02 7498.82 7498.24 7497.26 7495.9 7494.14 7491.99 7489.44 7486.47 7483.08 7479.23 
7473.99 7468.94 7463.18 7456.58 7448.92 7439.87 7428.93 7415.31 7397.85 7375.65 7353.45 7375.65 7397.85 7415.31 7428.93 7439.87 7448.92 7456.58 7463.18 7468.94 7473.99 7478.45 7482.37 7485.81 7488.81 7491.38 7493.54 7495.31 7496.67 7497.65 7498.24 7498.43 7498.24 7497.65 7496.67 7495.31 7493.54 7491.38 7488.81 7485.81 7482.37 7478.45 
7473.69 7468.58 7462.75 7456.03 7448.17 7438.78 7427.17 7412.03 7390.3 7353.45 7272.27 7353.45 7390.3 7412.03 7427.17 7438.78 7448.17 7456.03 7462.75 7468.58 7473.69 7478.18 7482.13 7485.59 7488.6 7491.18 7493.34 7495.11 7496.48 7497.46 7498.04 7498.24 7498.04 7497.46 7496.48 7495.11 7493.34 7491.18 7488.6 7485.59 7482.13 7478.18 
7473.99 7468.94 7463.18 7456.58 7448.92 7439.87 7428.93 7415.31 7397.85 7375.65 7353.45 7375.65 7397.85 7415.31 7428.93 7439.87 7448.92 7456.58 7463.18 7468.94 7473.99 7478.45 7482.37 7485.81 7488.81 7491.38 7493.54 7495.31 7496.67 7497.65 7498.24 7498.43 7498.24 7497.65 7496.67 7495.31 7493.54 7491.38 7488.81 7485.81 7482.37 7478.45 
7474.88 7469.98 7464.44 7458.18 7451.04 7442.83 7433.35 7422.41 7410.14 7397.85 7390.3 7397.85 7410.14 7422.41 7433.35 7442.83 7451.04 7458.18 7464.44 7469.98 7474.88 7479.23 7483.08 7486.47 7489.44 7491.99 7494.14 7495.9 7497.26 7498.24 7498.82 7499.02 7498.82 7498.24 7497.26 7495.9 7494.14 7491.99 7489.44 7486.47 7483.08 7479.23 
7476.3 7471.62 7466.42 7460.63 7454.19 7447.05 7439.2 7430.81 7422.41 7415.31 7412.03 7415.31 7422.41 7430.81 7439.2 7447.05 7454.19 7460.63 7466.42 7471.62 7476.3 7480.49 7484.23 7487.55 7490.47 7492.99 7495.12 7496.87 7498.24 7499.21 7499.8 7499.99 7499.8 7499.21 7498.24 7496.87 7495.12 7492.99 7490.47 7487.55 7484.23 7480.49 
7478.19 7473.79 7468.96 7463.71 7458.02 7451.94 7445.58 7439.2 7433.35 7428.93 7427.17 7428.93 7433.35 7439.2 7445.58 7451.94 7458.02 7463.71 7468.96 7473.79 7478.19 7482.19 7485.8 7489.03 7491.89 7494.38 7496.49 7498.24 7499.6 7500.58 7501.17 7501.36 7501.17 7500.58 7499.6 7498.24 7496.49 7494.38 7491.89 7489.03 7485.8 7482.19 
7480.47 7476.35 7471.92 7467.2 7462.23 7457.09 7451.94 7447.05 7442.83 7439.87 7438.78 7439.87 7442.83 7447.05 7451.94 7457.09 7462.23 7467.2 7471.92 7476.35 7480.47 7484.26 7487.73 7490.87 7493.67 7496.13 7498.24 7499.98 7501.35 7502.33 7502.93 7503.13 7502.93 7502.33 7501.35 7499.98 7498.24 7496.13 7493.67 7490.87 7487.73 7484.26 
7483.06 7479.22 7475.16 7470.92 7466.58 7462.23 7458.02 7454.19 7451.04 7448.92 7448.17 7448.92 7451.04 7454.19 7458.02 7462.23 7466.58 7470.92 7475.16 7479.22 7483.06 7486.66 7489.99 7493.04 7495.8 7498.24 7500.34 7502.1 7503.48 7504.49 7505.09 7505.3 7505.09 7504.49 7503.48 7502.1 7500.34 7498.24 7495.8 7493.04 7489.99 7486.66 
7485.88 7482.28 7478.55 7474.74 7470.92 7467.2 7463.71 7460.63 7458.18 7456.58 7456.03 7456.58 7458.18 7460.63 7463.71 7467.2 7470.92 7474.74 7478.55 7482.28 7485.88 7489.3 7492.52 7495.51 7498.24 7500.67 7502.8 7504.59 7506.01 7507.04 7507.67 7507.88 7507.67 7507.04 7506.01 7504.59 7502.8 7500.67 7498.24 7495.51 7492.52 7489.3 
7488.87 7485.47 7482.02 7478.55 7475.16 7471.92 7468.96 7466.42 7464.44 7463.18 7462.75 7463.18 7464.44 7466.42 7468.96 7471.92 7475.16 7478.55 7482.02 7485.47 7488.87 7492.15 7495.29 7498.24 7500.96 7503.43 7505.6 7507.45 7508.92 7510 7510.66 7510.88 7510.66 7510 7508.92 7507.45 7505.6 7503.43 7500.96 7498.24 7495.29 7492.15 
7491.96 7488.72 7485.47 7482.28 7479.22 7476.35 7473.79 7471.62 7469.98 7468.94 7468.58 7468.94 7469.98 7471.62 7473.79 7476.35 7479.22 7482.28 7485.47 7488.72 7491.96 7495.15 7498.24 7501.18 7503.95 7506.48 7508.74 7510.68 7512.25 7513.4 7514.11 7514.35 7514.11 7513.4 7512.25 7510.68 7508.74 7506.48 7503.95 7501.18 7498.24 7495.15 
7495.1 7491.96 7488.87 7485.88 7483.06 7480.47 7478.19 7476.3 7474.88 7473.99 7473.69 7473.99 7474.88 7476.3 7478.19 7480.47 7483.06 7485.88 7488.87 7491.96 7495.1 7498.24 7501.33 7504.32 7507.17 7509.82 7512.21 7514.29 7515.99 7517.26 7518.04 7518.3 7518.04 7517.26 7515.99 7514.29 7512.21 7509.82 7507.17 7504.32 7501.33 7498.24 
7498.24 7495.15 7492.15 7489.3 7486.66 7484.26 7482.19 7480.49 7479.23 7478.45 7478.18 7478.45 7479.23 7480.49 7482.19 7484.26 7486.66 7489.3 7492.15 7495.15 7498.24 7501.37 7504.51 7507.61 7510.59 7513.42 7516.01 7518.29 7520.19 7521.61 7522.49 7522.8 7522.49 7521.61 7520.19 7518.29 7516.01 7513.42 7510.59 7507.61 7504.51 7501.37 
7501.33 7498.24 7495.29 7492.52 7489.99 7487.73 7485.8 7484.23 7483.08 7482.37 7482.13 7482.37 7483.08 7484.23 7485.8 7487.73 7489.99 7492.52 7495.29 7498.24 7501.33 7504.51 7507.76 7511 7514.19 7517.26 7520.13 7522.7 7524.87 7526.52 7527.56 7527.91 7527.56 7526.52 7524.87 7522.7 7520.13 7517.26 7514.19 7511 7507.76 7504.51 
7504.32 7501.18 7498.24 7495.51 7493.04 7490.87 7489.03 7487.55 7486.47 7485.81 7485.59 7485.81 7486.47 7487.55 7489.03 7490.87 7493.04 7495.51 7498.24 7501.18 7504.32 7507.61 7511 7514.46 7517.93 7521.33 7524.57 7527.53 7530.08 7532.06 7533.32 7533.76 7533.32 7532.06 7530.08 7527.53 7524.57 7521.33 7517.93 7514.46 7511 7507.61 
7507.17 7503.95 7500.96 7498.24 7495.8 7493.67 7491.89 7490.47 7489.44 7488.81 7488.6 7488.81 7489.44 7490.47 7491.89 7493.67 7495.8 7498.24 7500.96 7503.95 7507.17 7510.59 7514.19 7517.93 7521.74 7525.57 7529.3 7532.79 7535.88 7538.34 7539.94 7540.49 7539.94 7538.34 7535.88 7532.79 7529.3 7525.57 7521.74 7517.93 7514.19 7510.59 
7509.82 7506.48 7503.43 7500.67 7498.24 7496.13 7494.38 7492.99 7491.99 7491.38 7491.18 7491.38 7491.99 7492.99 7494.38 7496.13 7498.24 7500.67 7503.43 7506.48 7509.82 7513.42 7517.26 7521.33 7525.57 7529.92 7534.28 7538.49 7542.34 7545.5 7547.62 7548.37 7547.62 7545.5 7542.34 7538.49 7534.28 7529.92 7525.57 7521.33 7517.26 7513.42 
7512.21 7508.74 7505.6 7502.8 7500.34 7498.24 7496.49 7495.12 7494.14 7493.54 7493.34 7493.54 7494.14 7495.12 7496.49 7498.24 7500.34 7502.8 7505.6 7508.74 7512.21 7516.01 7520.13 7524.57 7529.3 7534.28 7539.43 7544.59 7549.5 7553.72 7556.69 7557.79 7556.69 7553.72 7549.5 7544.59 7539.43 7534.28 7529.3 7524.57 7520.13 7516.01 
7514.29 7510.68 7507.45 7504.59 7502.1 7499.98 7498.24 7496.87 7495.9 7495.31 7495.11 7495.31 7495.9 7496.87 7498.24 7499.98 7502.1 7504.59 7507.45 7510.68 7514.29 7518.29 7522.7 7527.53 7532.79 7538.49 7544.59 7550.97 7557.37 7563.24 7567.67 7569.44 7567.67 7563.24 7557.37 7550.97 7544.59 7538.49 7532.79 7527.53 7522.7 7518.29 
7515.99 7512.25 7508.92 7506.01 7503.48 7501.35 7499.6 7498.24 7497.26 7496.67 7496.48 7496.67 7497.26 7498.24 7499.6 7501.35 7503.48 7506.01 7508.92 7512.25 7515.99 7520.19 7524.87 7530.08 7535.88 7542.34 7549.5 7557.37 7565.79 7574.22 7581.35 7584.65 7581.35 7574.22 7565.79 7557.37 7549.5 7542.34 7535.88 7530.08 7524.87 7520.19 
7517.26 7513.4 7510 7507.04 7504.49 7502.33 7500.58 7499.21 7498.24 7497.65 7497.46 7497.65 7498.24 7499.21 7500.58 7502.33 7504.49 7507.04 7510 7513.4 7517.26 7521.61 7526.52 7532.06 7538.34 7545.5 7553.72 7563.24 7574.22 7586.55 7598.9 7606.51 7598.9 7586.55 7574.22 7563.24 7553.72 7545.5 7538.34 7532.06 7526.52 7521.61 
7518.04 7514.11 7510.66 7507.67 7505.09 7502.93 7501.17 7499.8 7498.82 7498.24 7498.04 7498.24 7498.82 7499.8 7501.17 7502.93 7505.09 7507.67 7510.66 7514.11 7518.04 7522.49 7527.56 7533.32 7539.94 7547.62 7556.69 7567.67 7581.35 7598.9 7621.25 7643.63 7621.25 7598.9 7581.35 7567.67 7556.69 7547.62 7539.94 7533.32 7527.56 7522.49 
7518.3 7514.35 7510.88 7507.88 7505.3 7503.13 7501.36 7499.99 7499.02 7498.43 7498.24 7498.43 7499.02 7499.99 7501.36 7503.13 7505.3 7507.88 7510.88 7514.35 7518.3 7522.8 7527.91 7533.76 7540.49 7548.37 7557.79 7569.44 7584.65 7606.51 7643.63 7725.69 7643.63 7606.51 7584.65 7569.44 7557.79 7548.37 7540.49 7533.76 7527.91 7522.8 
7518.04 7514.11 7510.66 7507.67 7505.09 7502.93 7501.17 7499.8 7498.82 7498.24 7498.04 7498.24 7498.82 7499.8 7501.17 7502.93 7505.09 7507.67 7510.66 7514.11 7518.04 7522.49 7527.56 7533.32 7539.94 7547.62 7556.69 7567.67 7581.35 7598.9 7621.25 7643.63 7621.25 7598.9 7581.35 7567.67 7556.69 7547.62 7539.94 7533.32 7527.56 7522.49 
7517.26 7513.4 7510 7507.04 7504.49 7502.33 7500.58 7499.21 7498.24 7497.65 7497.46 7497.65 7498.24 7499.21 7500.58 7502.33 7504.49 7507.04 7510 7513.4 7517.26 7521.61 7526.52 7532.06 7538.34 7545.5 7553.72 7563.24 7574.22 7586.55 7598.9 7606.51 7598.9 7586.55 7574.22 7563.24 7553.72 7545.5 7538.34 7532.06 7526.52 7521.61 
7515.99 7512.25 7508.92 7506.01 7503.48 7501.35 7499.6 7498.24 7497.26 7496.67 7496.48 7496.67 7497.26 7498.24 7499.6 7501.35 7503.48 7506.01 7508.92 7512.25 7515.99 7520.19 7524.87 7530.08 7535.88 7542.34 7549.5 7557.37 7565.79 7574.22 7581.35 7584.65 7581.35 7574.22 7565.79 7557.37 7549.5 7542.34 7535.88 7530.08 7524.87 7520.19 
7514.29 7510.68 7507.45 7504.59 7502.1 7499.98 7498.24 7496.87 7495.9 7495.31 7495.11 7495.31 7495.9 7496.87 7498.24 7499.98 7502.1 7504.59 7507.45 7510.68 7514.29 7518.29 7522.7 7527.53 7532.79 7538.49 7544.59 7550.97 7557.37 7563.24 7567.67 7569.44 7567.67 7563.24 7557.37 7550.97 7544.59 7538.49 7532.79 7527.53 7522.7 7518.29 
7512.21 7508.74 7505.6 7502.8 7500.34 7498.24 7496.49 7495.12 7494.14 7493.54 7493.34 7493.54 7494.14 7495.12 7496.49 7498.24 7500.34 7502.8 7505.6 7508.74 7512.21 7516.01 7520.13 7524.57 7529.3 7534.28 7539.43 7544.59 7549.5 7553.72 7556.69 7557.79 7556.69 7553.72 7549.5 7544.59 7539.43 7534.28 7529.3 7524.57 7520.13 7516.01 
7509.82 7506.48 7503.43 7500.67 7498.24 7496.13 7494.38 7492.99 7491.99 7491.38 7491.18 7491.38 7491.99 7492.99 7494.38 7496.13 7498.24 7500.67 7503.43 7506.48 7509.82 7513.42 7517.26 7521.33 7525.57 7529.92 7534.28 7538.49 7542.34 7545.5 7547.62 7548.37 7547.62 7545.5 7542.34 7538.49 7534.28 7529.92 7525.57 7521.33 7517.26 7513.42 
7507.17 7503.95 7500.96 7498.24 7495.8 7493.67 7491.89 7490.47 7489.44 7488.81 7488.6 7488.81 7489.44 7490.47 7491.89 7493.67 7495.8 7498.24 7500.96 7503.95 7507.17 7510.59 7514.19 7517.93 7521.74 7525.57 7529.3 7532.79 7535.88 7538.34 7539.94 7540.49 7539.94 7538.34 7535.88 7532.79 7529.3 7525.57 7521.74 7517.93 7514.19 7510.59 
7504.32 7501.18 7498.24 7495.51 7493.04 7490.87 7489.03 7487.55 7486.47 7485.81 7485.59 7485.81 7486.47 7487.55 7489.03 7490.87 7493.04 7495.51 7498.24 7501.18 7504.32 7507.61 7511 7514.46 7517.93 7521.33 7524.57 7527.53 7530.08 7532.06 7533.32 7533.76 7533.32 7532.06 7530.08 7527.53 7524.57 7521.33 7517.93 7514.46 7511 7507.61 
7501.33 7498.24 7495.29 7492.52 7489.99 7487.73 7485.8 7484.23 7483.08 7482.37 7482.13 7482.37 7483.08 7484.23 7485.8 7487.73 7489.99 7492.52 7495.29 7498.24 7501.33 7504.51 7507.76 7511 7514.19 7517.26 7520.13 7522.7 7524.87 7526.52 7527.56 7527.91 7527.56 7526.52 7524.87 7522.7 7520.13 7517.26 7514.19 7511 7507.76 7504.51 
7498.24 7495.15 7492.15 7489.3 7486.66 7484.26 7482.19 7480.49 7479.23 7478.45 7478.18 7478.45 7479.23 7480.49 7482.19 7484.26 7486.66 7489.3 7492.15 7495.15 7498.24 7501.37 7504.51 7507.61 7510.59 7513.42 7516.01 7518.29 7520.19 7521.61 7522.49 7522.8 7522.49 7521.61 7520.19 7518.29 7516.01 7513.42 7510.59 7507.61 7504.51 7501.37 
