7498.15 7498.03 7497.9 7497.76 7497.6 7497.42 7497.24 7497.07 7496.93 7496.84 7496.8 7496.84 7496.93 7497.07 7497.24 7497.42 7497.6 7497.76 7497.9 7498.03 7498.15 7498.25 7498.36 7498.46 7498.57 7498.68 7498.8 7498.91 7499.02 7499.11 7499.17 7499.19 7499.17 7499.11 7499.02 7498.91 7498.8 7498.68 7498.57 7498.46 7498.36 7498.25 
7498.03 7497.89 7497.72 7497.52 7497.28 7497.02 7496.74 7496.46 7496.23 7496.07 7496.01 7496.07 7496.23 7496.46 7496.74 7497.02 7497.28 7497.52 7497.72 7497.89 7498.03 7498.15 7498.25 7498.35 7498.43 7498.52 7498.6 7498.68 7498.75 7498.8 7498.84 7498.85 7498.84 7498.8 7498.75 7498.68 7498.6 7498.52 7498.43 7498.35 7498.25 7498.15 
7497.9 7497.72 7497.49 7497.2 7496.86 7496.45 7496.01 7495.56 7495.18 7494.91 7494.81 7494.91 7495.18 7495.56 7496.01 7496.45 7496.86 7497.2 7497.49 7497.72 7497.9 7498.04 7498.16 7498.25 7498.33 7498.4 7498.46 7498.52 7498.57 7498.6 7498.63 7498.63 7498.63 7498.6 7498.57 7498.52 7498.46 7498.4 7498.33 7498.25 7498.16 7498.04 
7497.76 7497.52 7497.2 7496.8 7496.28 7495.67 7494.97 7494.25 7493.6 7493.14 7492.96 7493.14 7493.6 7494.25 7494.97 7495.67 7496.28 7496.8 7497.2 7497.52 7497.76 7497.94 7498.07 7498.17 7498.25 7498.32 7498.37 7498.41 7498.45 7498.47 7498.49 7498.49 7498.49 7498.47 7498.45 7498.41 7498.37 7498.32 7498.25 7498.17 7498.07 7497.94 
7497.6 7497.28 7496.86 7496.28 7495.54 7494.62 7493.54 7492.37 7491.27 7490.45 7490.14 7490.45 7491.27 7492.37 7493.54 7494.62 7495.54 7496.28 7496.86 7497.28 7497.6 7497.82 7497.99 7498.1 7498.19 7498.25 7498.3 7498.34 7498.36 7498.38 7498.4 7498.4 7498.4 7498.38 7498.36 7498.34 7498.3 7498.25 7498.19 7498.1 7497.99 7497.82 
7497.42 7497.02 7496.45 7495.67 7494.62 7493.26 7491.6 7489.72 7487.85 7486.39 7485.81 7486.39 7487.85 7489.72 7491.6 7493.26 7494.62 7495.67 7496.45 7497.02 7497.42 7497.7 7497.9 7498.04 7498.14 7498.2 7498.25 7498.29 7498.31 7498.33 7498.34 7498.34 7498.34 7498.33 7498.31 7498.29 7498.25 7498.2 7498.14 7498.04 7497.9 7497.7 
7497.24 7496.74 7496.01 7494.97 7493.54 7491.6 7489.11 7486.12 7482.94 7480.24 7479.07 7480.24 7482.94 7486.12 7489.11 7491.6 7493.54 7494.97 7496.01 7496.74 7497.24 7497.59 7497.82 7497.98 7498.09 7498.17 7498.22 7498.25 7498.28 7498.29 7498.3 7498.3 7498.3 7498.29 7498.28 7498.25 7498.22 7498.17 7498.09 7497.98 7497.82 7497.59 
7497.07 7496.46 7495.56 7494.25 7492.37 7489.72 7486.12 7481.49 7476.08 7470.93 7468.33 7470.93 7476.08 7481.49 7486.12 7489.72 7492.37 7494.25 7495.56 7496.46 7497.07 7497.48 7497.76 7497.94 7498.06 7498.14 7498.19 7498.23 7498.25 7498.27 7498.27 7498.28 7498.27 7498.27 7498.25 7498.23 7498.19 7498.14 7498.06 7497.94 7497.76 7497.48 
7496.93 7496.23 7495.18 7493.6 7491.27 7487.85 7482.94 7476.08 7467.1 7456.98 7450.18 7456.98 7467.1 7476.08 7482.94 7487.85 7491.27 7493.6 7495.18 7496.23 7496.93 7497.4 7497.7 7497.9 7498.03 7498.12 7498.18 7498.21 7498.24 7498.25 7498.26 7498.26 7498.26 7498.25 7498.24 7498.21 7498.18 7498.12 7498.03 7497.9 7497.7 7497.4 
7496.84 7496.07 7494.91 7493.14 7490.45 7486.39 7480.24 7470.93 7456.98 7437.1 7415.7 7437.1 7456.98 7470.93 7480.24 7486.39 7490.45 7493.14 7494.91 7496.07 7496.84 7497.34 7497.67 7497.88 7498.02 7498.11 7498.17 7498.21 7498.23 7498.24 7498.25 7498.25 7498.25 7498.24 7498.23 7498.21 7498.17 7498.11 7498.02 7497.88 7497.67 7497.34 
7496.8 7496.01 7494.81 7492.96 7490.14 7485.81 7479.07 7468.33 7450.18 7415.7 7335.25 7415.7 7450.18 7468.33 7479.07 7485.81 7490.14 7492.96 7494.81 7496.01 7496.8 7497.32 7497.65 7497.87 7498.01 7498.1 7498.16 7498.2 7498.23 7498.24 7498.25 7498.25 7498.25 7498.24 7498.23 7498.2 7498.16 7498.1 7498.01 7497.87 7497.65 7497.32 
7496.84 7496.07 7494.91 7493.14 7490.45 7486.39 7480.24 7470.93 7456.98 7437.1 7415.7 7437.1 7456.98 7470.93 7480.24 7486.39 7490.45 7493.14 7494.91 7496.07 7496.84 7497.34 7497.67 7497.88 7498.02 7498.11 7498.17 7498.21 7498.23 7498.24 7498.25 7498.25 7498.25 7498.24 7498.23 7498.21 7498.17 7498.11 7498.02 7497.88 7497.67 7497.34 
7496.93 7496.23 7495.18 7493.6 7491.27 7487.85 7482.94 7476.08 7467.1 7456.98 7450.18 7456.98 7467.1 7476.08 7482.94 7487.85 7491.27 7493.6 7495.18 7496.23 7496.93 7497.4 7497.7 7497.9 7498.03 7498.12 7498.18 7498.21 7498.24 7498.25 7498.26 7498.26 7498.26 7498.25 7498.24 7498.21 7498.18 7498.12 7498.03 7497.9 7497.7 7497.4 
7497.07 7496.46 7495.56 7494.25 7492.37 7489.72 7486.12 7481.49 7476.08 7470.93 7468.33 7470.93 7476.08 7481.49 7486.12 7489.72 7492.37 7494.25 7495.56 7496.46 7497.07 7497.48 7497.76 7497.94 7498.06 7498.14 7498.19 7498.23 7498.25 7498.27 7498.27 7498.28 7498.27 7498.27 7498.25 7498.23 7498.19 7498.14 7498.06 7497.94 7497.76 7497.48 
7497.24 7496.74 7496.01 7494.97 7493.54 7491.6 7489.11 7486.12 7482.94 7480.24 7479.07 7480.24 7482.94 7486.12 7489.11 7491.6 7493.54 7494.97 7496.01 7496.74 7497.24 7497.59 7497.82 7497.98 7498.09 7498.17 7498.22 7498.25 7498.28 7498.29 7498.3 7498.3 7498.3 7498.29 7498.28 7498.25 7498.22 7498.17 7498.09 7497.98 7497.82 7497.59 
7497.42 7497.02 7496.45 7495.67 7494.62 7493.26 7491.6 7489.72 7487.85 7486.39 7485.81 7486.39 7487.85 7489.72 7491.6 7493.26 7494.62 7495.67 7496.45 7497.02 7497.42 7497.7 7497.9 7498.04 7498.14 7498.2 7498.25 7498.29 7498.31 7498.33 7498.34 7498.34 7498.34 7498.33 7498.31 7498.29 7498.25 7498.2 7498.14 7498.04 7497.9 7497.7 
7497.6 7497.28 7496.86 7496.28 7495.54 7494.62 7493.54 7492.37 7491.27 7490.45 7490.14 7490.45 7491.27 7492.37 7493.54 7494.62 7495.54 7496.28 7496.86 7497.28 7497.6 7497.82 7497.99 7498.1 7498.19 7498.25 7498.3 7498.34 7498.36 7498.38 7498.4 7498.4 7498.4 7498.38 7498.36 7498.34 7498.3 7498.25 7498.19 7498.1 7497.99 7497.82 
7497.76 7497.52 7497.2 7496.8 7496.28 7495.67 7494.97 7494.25 7493.6 7493.14 7492.96 7493.14 7493.6 7494.25 7494.97 7495.67 7496.28 7496.8 7497.2 7497.52 7497.76 7497.94 7498.07 7498.17 7498.25 7498.32 7498.37 7498.41 7498.45 7498.47 7498.49 7498.49 7498.49 7498.47 7498.45 7498.41 7498.37 7498.32 7498.25 7498.17 7498.07 7497.94 
7497.9 7497.72 7497.49 7497.2 7496.86 7496.45 7496.01 7495.56 7495.18 7494.91 7494.81 7494.91 7495.18 7495.56 7496.01 7496.45 7496.86 7497.2 7497.49 7497.72 7497.9 7498.04 7498.16 7498.25 7498.33 7498.4 7498.46 7498.52 7498.57 7498.6 7498.63 7498.63 7498.63 7498.6 7498.57 7498.52 7498.46 7498.4 7498.33 7498.25 7498.16 7498.04 
7498.03 7497.89 7497.72 7497.52 7497.28 7497.02 7496.74 7496.46 7496.23 7496.07 7496.01 7496.07 7496.23 7496.46 7496.74 7497.02 7497.28 7497.52 7497.72 7497.89 7498.03 7498.15 7498.25 7498.35 7498.43 7498.52 7498.6 7498.68 7498.75 7498.8 7498.84 7498.85 7498.84 7498.8 7498.75 7498.68 7498.6 7498.52 7498.43 7498.35 7498.25 7498.15 
7498.15 7498.03 7497.9 7497.76 7497.6 7497.42 7497.24 7497.07 7496.93 7496.84 7496.8 7496.84 7496.93 7497.07 7497.24 7497.42 7497.6 7497.76 7497.9 7498.03 7498.15 7498.25 7498.36 7498.46 7498.57 7498.68 7498.8 7498.91 7499.02 7499.11 7499.17 7499.19 7499.17 7499.11 7499.02 7498.91 7498.8 7498.68 7498.57 7498.46 7498.36 7498.25 
7498.25 7498.15 7498.04 7497.94 7497.82 7497.7 7497.59 7497.48 7497.4 7497.34 7497.32 7497.34 7497.4 7497.48 7497.59 7497.7 7497.82 7497.94 7498.04 7498.15 7498.25 7498.36 7498.47 7498.6 7498.75 7498.91 7499.08 7499.26 7499.43 7499.57 7499.67 7499.7 7499.67 7499.57 7499.43 7499.26 7499.08 7498.91 7498.75 7498.6 7498.47 7498.36 
7498.36 7498.25 7498.16 7498.07 7497.99 7497.9 7497.82 7497.76 7497.7 7497.67 7497.65 7497.67 7497.7 7497.76 7497.82 7497.9 7497.99 7498.07 7498.16 7498.25 7498.36 7498.47 7498.61 7498.78 7498.98 7499.22 7499.49 7499.77 7500.04 7500.27 7500.43 7500.49 7500.43 7500.27 7500.04 7499.77 7499.49 7499.22 7498.98 7498.78 7498.61 7498.47 
7498.46 7498.35 7498.25 7498.17 7498.1 7498.04 7497.98 7497.94 7497.9 7497.88 7497.87 7497.88 7497.9 7497.94 7497.98 7498.04 7498.1 7498.17 7498.25 7498.35 7498.46 7498.6 7498.78 7499.01 7499.3 7499.65 7500.05 7500.49 7500.94 7501.32 7501.6 7501.69 7501.6 7501.32 7500.94 7500.49 7500.05 7499.65 7499.3 7499.01 7498.78 7498.6 
7498.57 7498.43 7498.33 7498.25 7498.19 7498.14 7498.09 7498.06 7498.03 7498.02 7498.01 7498.02 7498.03 7498.06 7498.09 7498.14 7498.19 7498.25 7498.33 7498.43 7498.57 7498.75 7498.98 7499.3 7499.71 7500.22 7500.83 7501.53 7502.25 7502.9 7503.36 7503.53 7503.36 7502.9 7502.25 7501.53 7500.83 7500.22 7499.71 7499.3 7498.98 7498.75 
7498.68 7498.52 7498.4 7498.32 7498.25 7498.2 7498.17 7498.14 7498.12 7498.11 7498.1 7498.11 7498.12 7498.14 7498.17 7498.2 7498.25 7498.32 7498.4 7498.52 7498.68 7498.91 7499.22 7499.65 7500.22 7500.96 7501.88 7502.96 7504.13 7505.23 7506.05 7506.35 7506.05 7505.23 7504.13 7502.96 7501.88 7500.96 7500.22 7499.65 7499.22 7498.91 
7498.8 7498.6 7498.46 7498.37 7498.3 7498.25 7498.22 7498.19 7498.18 7498.17 7498.16 7498.17 7498.18 7498.19 7498.22 7498.25 7498.3 7498.37 7498.46 7498.6 7498.8 7499.08 7499.49 7500.05 7500.83 7501.88 7503.24 7504.9 7506.78 7508.64 7510.11 7510.69 7510.11 7508.64 7506.78 7504.9 7503.24 7501.88 7500.83 7500.05 7499.49 7499.08 
7498.91 7498.68 7498.52 7498.41 7498.34 7498.29 7498.25 7498.23 7498.21 7498.21 7498.2 7498.21 7498.21 7498.23 7498.25 7498.29 7498.34 7498.41 7498.52 7498.68 7498.91 7499.26 7499.77 7500.49 7501.53 7502.96 7504.9 7507.39 7510.37 7513.56 7516.26 7517.42 7516.26 7513.56 7510.37 7507.39 7504.9 7502.96 7501.53 7500.49 7499.77 7499.26 
7499.02 7498.75 7498.57 7498.45 7498.36 7498.31 7498.28 7498.25 7498.24 7498.23 7498.23 7498.23 7498.24 7498.25 7498.28 7498.31 7498.36 7498.45 7498.57 7498.75 7499.02 7499.43 7500.04 7500.94 7502.25 7504.13 7506.78 7510.37 7515.01 7520.42 7525.57 7528.17 7525.57 7520.42 7515.01 7510.37 7506.78 7504.13 7502.25 7500.94 7500.04 7499.43 
7499.11 7498.8 7498.6 7498.47 7498.38 7498.33 7498.29 7498.27 7498.25 7498.24 7498.24 7498.24 7498.25 7498.27 7498.29 7498.33 7498.38 7498.47 7498.6 7498.8 7499.11 7499.57 7500.27 7501.32 7502.9 7505.23 7508.64 7513.56 7520.42 7529.4 7539.54 7546.35 7539.54 7529.4 7520.42 7513.56 7508.64 7505.23 7502.9 7501.32 7500.27 7499.57 
7499.17 7498.84 7498.63 7498.49 7498.4 7498.34 7498.3 7498.27 7498.26 7498.25 7498.25 7498.25 7498.26 7498.27 7498.3 7498.34 7498.4 7498.49 7498.63 7498.84 7499.17 7499.67 7500.43 7501.6 7503.36 7506.05 7510.11 7516.26 7525.57 7539.54 7559.47 7580.96 7559.47 7539.54 7525.57 7516.26 7510.11 7506.05 7503.36 7501.6 7500.43 7499.67 
7499.19 7498.85 7498.63 7498.49 7498.4 7498.34 7498.3 7498.28 7498.26 7498.25 7498.25 7498.25 7498.26 7498.28 7498.3 7498.34 7498.4 7498.49 7498.63 7498.85 7499.19 7499.7 7500.49 7501.69 7503.53 7506.35 7510.69 7517.42 7528.17 7546.35 7580.96 7661.96 7580.96 7546.35 7528.17 7517.42 7510.69 7506.35 7503.53 7501.69 7500.49 7499.7 
7499.17 7498.84 7498.63 7498.49 7498.4 7498.34 7498.3 7498.27 7498.26 7498.25 7498.25 7498.25 7498.26 7498.27 7498.3 7498.34 7498.4 7498.49 7498.63 7498.84 7499.17 7499.67 7500.43 7501.6 7503.36 7506.05 7510.11 7516.26 7525.57 7539.54 7559.47 7580.96 7559.47 7539.54 7525.57 7516.26 7510.11 7506.05 7503.36 7501.6 7500.43 7499.67 
7499.11 7498.8 7498.6 7498.47 7498.38 7498.33 7498.29 7498.27 7498.25 7498.24 7498.24 7498.24 7498.25 7498.27 7498.29 7498.33 7498.38 7498.47 7498.6 7498.8 7499.11 7499.57 7500.27 7501.32 7502.9 7505.23 7508.64 7513.56 7520.42 7529.4 7539.54 7546.35 7539.54 7529.4 7520.42 7513.56 7508.64 7505.23 7502.9 7501.32 7500.27 7499.57 
7499.02 7498.75 7498.57 7498.45 7498.36 7498.31 7498.28 7498.25 7498.24 7498.23 7498.23 7498.23 7498.24 7498.25 7498.28 7498.31 7498.36 7498.45 7498.57 7498.75 7499.02 7499.43 7500.04 7500.94 7502.25 7504.13 7506.78 7510.37 7515.01 7520.42 7525.57 7528.17 7525.57 7520.42 7515.01 7510.37 7506.78 7504.13 7502.25 7500.94 7500.04 7499.43 
7498.91 7498.68 7498.52 7498.41 7498.34 7498.29 7498.25 7498.23 7498.21 7498.21 7498.2 7498.21 7498.21 7498.23 7498.25 7498.29 7498.34 7498.41 7498.52 7498.68 7498.91 7499.26 7499.77 7500.49 7501.53 7502.96 7504.9 7507.39 7510.37 7513.56 7516.26 7517.42 7516.26 7513.56 7510.37 7507.39 7504.9 7502.96 7501.53 7500.49 7499.77 7499.26 
7498.8 7498.6 7498.46 7498.37 7498.3 7498.25 7498.22 7498.19 7498.18 7498.17 7498.16 7498.17 7498.18 7498.19 7498.22 7498.25 7498.3 7498.37 7498.46 7498.6 7498.8 7499.08 7499.49 7500.05 7500.83 7501.88 7503.24 7504.9 7506.78 7508.64 7510.11 7510.69 7510.11 7508.64 7506.78 7504.9 7503.24 7501.88 7500.83 7500.05 7499.49 7499.08 
7498.68 7498.52 7498.4 7498.32 7498.25 7498.2 7498.17 7498.14 7498.12 7498.11 7498.1 7498.11 7498.12 7498.14 7498.17 7498.2 7498.25 7498.32 7498.4 7498.52 7498.68 7498.91 7499.22 7499.65 7500.22 7500.96 7501.88 7502.96 7504.13 7505.23 7506.05 7506.35 7506.05 7505.23 7504.13 7502.96 7501.88 7500.96 7500.22 7499.65 7499.22 7498.91 
7498.57 7498.43 7498.33 7498.25 7498.19 7498.14 7498.09 7498.06 7498.03 7498.02 7498.01 7498.02 7498.03 7498.06 7498.09 7498.14 7498.19 7498.25 7498.33 7498.43 7498.57 7498.75 7498.98 7499.3 7499.71 7500.22 7500.83 7501.53 7502.25 7502.9 7503.36 7503.53 7503.36 7502.9 7502.25 7501.53 7500.83 7500.22 7499.71 7499.3 7498.98 7498.75 
7498.46 7498.35 7498.25 7498.17 7498.1 7498.04 7497.98 7497.94 7497.9 7497.88 7497.87 7497.88 7497.9 7497.94 7497.98 7498.04 7498.1 7498.17 7498.25 7498.35 7498.46 7498.6 7498.78 7499.01 7499.3 7499.65 7500.05 7500.49 7500.94 7501.32 7501.6 7501.69 7501.6 7501.32 7500.94 7500.49 7500.05 7499.65 7499.3 7499.01 7498.78 7498.6 
7498.36 7498.25 7498.16 7498.07 7497.99 7497.9 7497.82 7497.76 7497.7 7497.67 7497.65 7497.67 7497.7 7497.76 7497.82 7497.9 7497.99 7498.07 7498.16 7498.25 7498.36 7498.47 7498.61 7498.78 7498.98 7499.22 7499.49 7499.77 7500.04 7500.27 7500.43 7500.49 7500.43 7500.27 7500.04 7499.77 7499.49 7499.22 7498.98 7498.78 7498.61 7498.47 
7498.25 7498.15 7498.04 7497.94 7497.82 7497.7 7497.59 7497.48 7497.4 7497.34 7497.32 7497.34 7497.4 7497.48 7497.59 7497.7 7497.82 7497.94 7498.04 7498.15 7498.25 7498.36 7498.47 7498.6 7498.75 7498.91 7499.08 7499.26 7499.43 7499.57 7499.67 7499.7 7499.67 7499.57 7499.43 7499.26 7499.08 7498.91 7498.75 7498.6 7498.47 7498.36 
