7496.97 7495.67 7494.37 7493.06 7491.78 7490.57 7489.46 7488.51 7487.77 7487.3 7487.14 7487.3 7487.77 7488.51 7489.46 7490.57 7491.78 7493.06 7494.37 7495.67 7496.97 7498.25 7499.5 7500.72 7501.89 7503 7504.03 7504.95 7505.72 7506.31 7506.67 7506.8 7506.67 7506.31 7505.72 7504.95 7504.03 7503 7501.89 7500.72 7499.5 7498.25 
7495.67 7494.28 7492.83 7491.33 7489.83 7488.35 7486.97 7485.75 7484.8 7484.19 7483.98 7484.19 7484.8 7485.75 7486.97 7488.35 7489.83 7491.33 7492.83 7494.28 7495.67 7497 7498.25 7499.42 7500.52 7501.53 7502.43 7503.22 7503.86 7504.34 7504.64 7504.74 7504.64 7504.34 7503.86 7503.22 7502.43 7501.53 7500.52 7499.42 7498.25 7497 
7494.37 7492.83 7491.18 7489.42 7487.6 7485.77 7484.01 7482.43 7481.16 7480.33 7480.04 7480.33 7481.16 7482.43 7484.01 7485.77 7487.6 7489.42 7491.18 7492.83 7494.37 7495.78 7497.07 7498.25 7499.31 7500.25 7501.08 7501.78 7502.34 7502.75 7503.01 7503.09 7503.01 7502.75 7502.34 7501.78 7501.08 7500.25 7499.31 7498.25 7497.07 7495.78 
7493.06 7491.33 7489.42 7487.34 7485.11 7482.81 7480.53 7478.43 7476.69 7475.53 7475.12 7475.53 7476.69 7478.43 7480.53 7482.81 7485.11 7487.34 7489.42 7491.33 7493.06 7494.61 7495.98 7497.19 7498.25 7499.17 7499.95 7500.6 7501.11 7501.47 7501.7 7501.77 7501.7 7501.47 7501.11 7500.6 7499.95 7499.17 7498.25 7497.19 7495.98 7494.61 
7491.78 7489.83 7487.6 7485.11 7482.38 7479.46 7476.48 7473.64 7471.22 7469.54 7468.94 7469.54 7471.22 7473.64 7476.48 7479.46 7482.38 7485.11 7487.6 7489.83 7491.78 7493.49 7494.97 7496.24 7497.33 7498.25 7499.01 7499.63 7500.11 7500.45 7500.66 7500.73 7500.66 7500.45 7500.11 7499.63 7499.01 7498.25 7497.33 7496.24 7494.97 7493.49 
7490.57 7488.35 7485.77 7482.81 7479.46 7475.78 7471.87 7467.98 7464.5 7461.99 7461.05 7461.99 7464.5 7467.98 7471.87 7475.78 7479.46 7482.81 7485.77 7488.35 7490.57 7492.46 7494.07 7495.42 7496.55 7497.49 7498.25 7498.86 7499.32 7499.65 7499.84 7499.91 7499.84 7499.65 7499.32 7498.86 7498.25 7497.49 7496.55 7495.42 7494.07 7492.46 
7489.46 7486.97 7484.01 7480.53 7476.48 7471.87 7466.77 7461.41 7456.3 7452.34 7450.73 7452.34 7456.3 7461.41 7466.77 7471.87 7476.48 7480.53 7484.01 7486.97 7489.46 7491.54 7493.28 7494.72 7495.9 7496.87 7497.64 7498.25 7498.71 7499.03 7499.22 7499.28 7499.22 7499.03 7498.71 7498.25 7497.64 7496.87 7495.9 7494.72 7493.28 7491.54 
7488.51 7485.75 7482.43 7478.43 7473.64 7467.98 7461.41 7454.04 7446.39 7439.75 7436.62 7439.75 7446.39 7454.04 7461.41 7467.98 7473.64 7478.43 7482.43 7485.75 7488.51 7490.77 7492.63 7494.16 7495.39 7496.39 7497.18 7497.79 7498.25 7498.57 7498.75 7498.81 7498.75 7498.57 7498.25 7497.79 7497.18 7496.39 7495.39 7494.16 7492.63 7490.77 
7487.77 7484.8 7481.16 7476.69 7471.22 7464.5 7456.3 7446.39 7434.87 7423.05 7415.64 7423.05 7434.87 7446.39 7456.3 7464.5 7471.22 7476.69 7481.16 7484.8 7487.77 7490.19 7492.15 7493.74 7495.02 7496.05 7496.85 7497.47 7497.93 7498.25 7498.44 7498.5 7498.44 7498.25 7497.93 7497.47 7496.85 7496.05 7495.02 7493.74 7492.15 7490.19 
7487.3 7484.19 7480.33 7475.53 7469.54 7461.99 7452.34 7439.75 7423.05 7401.3 7379.24 7401.3 7423.05 7439.75 7452.34 7461.99 7469.54 7475.53 7480.33 7484.19 7487.3 7489.82 7491.85 7493.49 7494.8 7495.84 7496.66 7497.28 7497.75 7498.06 7498.25 7498.31 7498.25 7498.06 7497.75 7497.28 7496.66 7495.84 7494.8 7493.49 7491.85 7489.82 
7487.14 7483.98 7480.04 7475.12 7468.94 7461.05 7450.73 7436.62 7415.64 7379.24 7298.16 7379.24 7415.64 7436.62 7450.73 7461.05 7468.94 7475.12 7480.04 7483.98 7487.14 7489.7 7491.75 7493.41 7494.73 7495.77 7496.59 7497.22 7497.69 7498 7498.19 7498.25 7498.19 7498 7497.69 7497.22 7496.59 7495.77 7494.73 7493.41 7491.75 7489.7 
7487.3 7484.19 7480.33 7475.53 7469.54 7461.99 7452.34 7439.75 7423.05 7401.3 7379.24 7401.3 7423.05 7439.75 7452.34 7461.99 7469.54 7475.53 7480.33 7484.19 7487.3 7489.82 7491.85 7493.49 7494.8 7495.84 7496.66 7497.28 7497.75 7498.06 7498.25 7498.31 7498.25 7498.06 7497.75 7497.28 7496.66 7495.84 7494.8 7493.49 7491.85 7489.82 
7487.77 7484.8 7481.16 7476.69 7471.22 7464.5 7456.3 7446.39 7434.87 7423.05 7415.64 7423.05 7434.87 7446.39 7456.3 7464.5 7471.22 7476.69 7481.16 7484.8 7487.77 7490.19 7492.15 7493.74 7495.02 7496.05 7496.85 7497.47 7497.93 7498.25 7498.44 7498.5 7498.44 7498.25 7497.93 7497.47 7496.85 7496.05 7495.02 7493.74 7492.15 7490.19 
7488.51 7485.75 7482.43 7478.43 7473.64 7467.98 7461.41 7454.04 7446.39 7439.75 7436.62 7439.75 7446.39 7454.04 7461.41 7467.98 7473.64 7478.43 7482.43 7485.75 7488.51 7490.77 7492.63 7494.16 7495.39 7496.39 7497.18 7497.79 7498.25 7498.57 7498.75 7498.81 7498.75 7498.57 7498.25 7497.79 7497.18 7496.39 7495.39 7494.16 7492.63 7490.77 
7489.46 7486.97 7484.01 7480.53 7476.48 7471.87 7466.77 7461.41 7456.3 7452.34 7450.73 7452.34 7456.3 7461.41 7466.77 7471.87 7476.48 7480.53 7484.01 7486.97 7489.46 7491.54 7493.28 7494.72 7495.9 7496.87 7497.64 7498.25 7498.71 7499.03 7499.22 7499.28 7499.22 7499.03 7498.71 7498.25 7497.64 7496.87 7495.9 7494.72 7493.28 7491.54 
7490.57 7488.35 7485.77 7482.81 7479.46 7475.78 7471.87 7467.98 7464.5 7461.99 7461.05 7461.99 7464.5 7467.98 7471.87 7475.78 7479.46 7482.81 7485.77 7488.35 7490.57 7492.46 7494.07 7495.42 7496.55 7497.49 7498.25 7498.86 7499.32 7499.65 7499.84 7499.91 7499.84 7499.65 7499.32 7498.86 7498.25 7497.49 7496.55 7495.42 7494.07 7492.46 
7491.78 7489.83 7487.6 7485.11 7482.38 7479.46 7476.48 7473.64 7471.22 7469.54 7468.94 7469.54 7471.22 7473.64 7476.48 7479.46 7482.38 7485.11 7487.6 7489.83 7491.78 7493.49 7494.97 7496.24 7497.33 7498.25 7499.01 7499.63 7500.11 7500.45 7500.66 7500.73 7500.66 7500.45 7500.11 7499.63 7499.01 7498.25 7497.33 7496.24 7494.97 7493.49 
7493.06 7491.33 7489.42 7487.34 7485.11 7482.81 7480.53 7478.43 7476.69 7475.53 7475.12 7475.53 7476.69 7478.43 7480.53 7482.81 7485.11 7487.34 7489.42 7491.33 7493.06 7494.61 7495.98 7497.19 7498.25 7499.17 7499.95 7500.6 7501.11 7501.47 7501.7 7501.77 7501.7 7501.47 7501.11 7500.6 7499.95 7499.17 7498.25 7497.19 7495.98 7494.61 
7494.37 7492.83 7491.18 7489.42 7487.6 7485.77 7484.01 7482.43 7481.16 7480.33 7480.04 7480.33 7481.16 7482.43 7484.01 7485.77 7487.6 7489.42 7491.18 7492.83 7494.37 7495.78 7497.07 7498.25 7499.31 7500.25 7501.08 7501.78 7502.34 7502.75 7503.01 7503.09 7503.01 7502.75 7502.34 7501.78 7501.08 7500.25 7499.31 7498.25 7497.07 7495.78 
7495.67 7494.28 7492.83 7491.33 7489.83 7488.35 7486.97 7485.75 7484.8 7484.19 7483.98 7484.19 7484.8 7485.75 7486.97 7488.35 7489.83 7491.33 7492.83 7494.28 7495.67 7497 7498.25 7499.42 7500.52 7501.53 7502.43 7503.22 7503.86 7504.34 7504.64 7504.74 7504.64 7504.34 7503.86 7503.22 7502.43 7501.53 7500.52 7499.42 7498.25 7497 
7496.97 7495.67 7494.37 7493.06 7491.78 7490.57 7489.46 7488.51 7487.77 7487.3 7487.14 7487.3 7487.77 7488.51 7489.46 7490.57 7491.78 7493.06 7494.37 7495.67 7496.97 7498.25 7499.5 7500.72 7501.89 7503 7504.03 7504.95 7505.72 7506.31 7506.67 7506.8 7506.67 7506.31 7505.72 7504.95 7504.03 7503 7501.89 7500.72 7499.5 7498.25 
7498.25 7497 7495.78 7494.61 7493.49 7492.46 7491.54 7490.77 7490.19 7489.82 7489.7 7489.82 7490.19 7490.77 7491.54 7492.46 7493.49 7494.61 7495.78 7497 7498.25 7499.52 7500.82 7502.13 7503.43 7504.71 7505.93 7507.04 7507.99 7508.72 7509.19 7509.35 7509.19 7508.72 7507.99 7507.04 7505.93 7504.71 7503.43 7502.13 7500.82 7499.52 
7499.5 7498.25 7497.07 7495.98 7494.97 7494.07 7493.28 7492.63 7492.15 7491.85 7491.75 7491.85 7492.15 7492.63 7493.28 7494.07 7494.97 7495.98 7497.07 7498.25 7499.5 7500.82 7502.21 7503.66 7505.16 7506.67 7508.14 7509.53 7510.74 7511.69 7512.3 7512.52 7512.3 7511.69 7510.74 7509.53 7508.14 7506.67 7505.16 7503.66 7502.21 7500.82 
7500.72 7499.42 7498.25 7497.19 7496.24 7495.42 7494.72 7494.16 7493.74 7493.49 7493.41 7493.49 7493.74 7494.16 7494.72 7495.42 7496.24 7497.19 7498.25 7499.42 7500.72 7502.13 7503.66 7505.32 7507.07 7508.89 7510.72 7512.48 7514.06 7515.33 7516.16 7516.45 7516.16 7515.33 7514.06 7512.48 7510.72 7508.89 7507.07 7505.32 7503.66 7502.13 
7501.89 7500.52 7499.31 7498.25 7497.33 7496.55 7495.9 7495.39 7495.02 7494.8 7494.73 7494.8 7495.02 7495.39 7495.9 7496.55 7497.33 7498.25 7499.31 7500.52 7501.89 7503.43 7505.16 7507.07 7509.15 7511.38 7513.68 7515.96 7518.07 7519.8 7520.96 7521.37 7520.96 7519.8 7518.07 7515.96 7513.68 7511.38 7509.15 7507.07 7505.16 7503.43 
7503 7501.53 7500.25 7499.17 7498.25 7497.49 7496.87 7496.39 7496.05 7495.84 7495.77 7495.84 7496.05 7496.39 7496.87 7497.49 7498.25 7499.17 7500.25 7501.53 7503 7504.71 7506.67 7508.89 7511.38 7514.11 7517.03 7520.01 7522.85 7525.28 7526.95 7527.56 7526.95 7525.28 7522.85 7520.01 7517.03 7514.11 7511.38 7508.89 7506.67 7504.71 
7504.03 7502.43 7501.08 7499.95 7499.01 7498.25 7497.64 7497.18 7496.85 7496.66 7496.59 7496.66 7496.85 7497.18 7497.64 7498.25 7499.01 7499.95 7501.08 7502.43 7504.03 7505.93 7508.14 7510.72 7513.68 7517.03 7520.72 7524.62 7528.52 7532 7534.51 7535.46 7534.51 7532 7528.52 7524.62 7520.72 7517.03 7513.68 7510.72 7508.14 7505.93 
7504.95 7503.22 7501.78 7500.6 7499.63 7498.86 7498.25 7497.79 7497.47 7497.28 7497.22 7497.28 7497.47 7497.79 7498.25 7498.86 7499.63 7500.6 7501.78 7503.22 7504.95 7507.04 7509.53 7512.48 7515.96 7520.01 7524.62 7529.73 7535.1 7540.22 7544.19 7545.8 7544.19 7540.22 7535.1 7529.73 7524.62 7520.01 7515.96 7512.48 7509.53 7507.04 
7505.72 7503.86 7502.34 7501.11 7500.11 7499.32 7498.71 7498.25 7497.93 7497.75 7497.69 7497.75 7497.93 7498.25 7498.71 7499.32 7500.11 7501.11 7502.34 7503.86 7505.72 7507.99 7510.74 7514.06 7518.07 7522.85 7528.52 7535.1 7542.48 7550.15 7556.81 7559.95 7556.81 7550.15 7542.48 7535.1 7528.52 7522.85 7518.07 7514.06 7510.74 7507.99 
7506.31 7504.34 7502.75 7501.47 7500.45 7499.65 7499.03 7498.57 7498.25 7498.06 7498 7498.06 7498.25 7498.57 7499.03 7499.65 7500.45 7501.47 7502.75 7504.34 7506.31 7508.72 7511.69 7515.33 7519.8 7525.28 7532 7540.22 7550.15 7561.7 7573.57 7581.01 7573.57 7561.7 7550.15 7540.22 7532 7525.28 7519.8 7515.33 7511.69 7508.72 
7506.67 7504.64 7503.01 7501.7 7500.66 7499.84 7499.22 7498.75 7498.44 7498.25 7498.19 7498.25 7498.44 7498.75 7499.22 7499.84 7500.66 7501.7 7503.01 7504.64 7506.67 7509.19 7512.3 7516.16 7520.96 7526.95 7534.51 7544.19 7556.81 7573.57 7595.43 7617.63 7595.43 7573.57 7556.81 7544.19 7534.51 7526.95 7520.96 7516.16 7512.3 7509.19 
7506.8 7504.74 7503.09 7501.77 7500.73 7499.91 7499.28 7498.81 7498.5 7498.31 7498.25 7498.31 7498.5 7498.81 7499.28 7499.91 7500.73 7501.77 7503.09 7504.74 7506.8 7509.35 7512.52 7516.45 7521.37 7527.56 7535.46 7545.8 7559.95 7581.01 7617.63 7699.46 7617.63 7581.01 7559.95 7545.8 7535.46 7527.56 7521.37 7516.45 7512.52 7509.35 
7506.67 7504.64 7503.01 7501.7 7500.66 7499.84 7499.22 7498.75 7498.44 7498.25 7498.19 7498.25 7498.44 7498.75 7499.22 7499.84 7500.66 7501.7 7503.01 7504.64 7506.67 7509.19 7512.3 7516.16 7520.96 7526.95 7534.51 7544.19 7556.81 7573.57 7595.43 7617.63 7595.43 7573.57 7556.81 7544.19 7534.51 7526.95 7520.96 7516.16 7512.3 7509.19 
7506.31 7504.34 7502.75 7501.47 7500.45 7499.65 7499.03 7498.57 7498.25 7498.06 7498 7498.06 7498.25 7498.57 7499.03 7499.65 7500.45 7501.47 7502.75 7504.34 7506.31 7508.72 7511.69 7515.33 7519.8 7525.28 7532 7540.22 7550.15 7561.7 7573.57 7581.01 7573.57 7561.7 7550.15 7540.22 7532 7525.28 7519.8 7515.33 7511.69 7508.72 
7505.72 7503.86 7502.34 7501.11 7500.11 7499.32 7498.71 7498.25 7497.93 7497.75 7497.69 7497.75 7497.93 7498.25 7498.71 7499.32 7500.11 7501.11 7502.34 7503.86 7505.72 7507.99 7510.74 7514.06 7518.07 7522.85 7528.52 7535.1 7542.48 7550.15 7556.81 7559.95 7556.81 7550.15 7542.48 7535.1 7528.52 7522.85 7518.07 7514.06 7510.74 7507.99 
7504.95 7503.22 7501.78 7500.6 7499.63 7498.86 7498.25 7497.79 7497.47 7497.28 7497.22 7497.28 7497.47 7497.79 7498.25 7498.86 7499.63 7500.6 7501.78 7503.22 7504.95 7507.04 7509.53 7512.48 7515.96 7520.01 7524.62 7529.73 7535.1 7540.22 7544.19 7545.8 7544.19 7540.22 7535.1 7529.73 7524.62 7520.01 7515.96 7512.48 7509.53 7507.04 
7504.03 7502.43 7501.08 7499.95 7499.01 7498.25 7497.64 7497.18 7496.85 7496.66 7496.59 7496.66 7496.85 7497.18 7497.64 7498.25 7499.01 7499.95 7501.08 7502.43 7504.03 7505.93 7508.14 7510.72 7513.68 7517.03 7520.72 7524.62 7528.52 7532 7534.51 7535.46 7534.51 7532 7528.52 7524.62 7520.72 7517.03 7513.68 7510.72 7508.14 7505.93 
7503 7501.53 7500.25 7499.17 7498.25 7497.49 7496.87 7496.39 7496.05 7495.84 7495.77 7495.84 7496.05 7496.39 7496.87 7497.49 7498.25 7499.17 7500.25 7501.53 7503 7504.71 7506.67 7508.89 7511.38 7514.11 7517.03 7520.01 7522.85 7525.28 7526.95 7527.56 7526.95 7525.28 7522.85 7520.01 7517.03 7514.11 7511.38 7508.89 7506.67 7504.71 
7501.89 7500.52 7499.31 7498.25 7497.33 7496.55 7495.9 7495.39 7495.02 7494.8 7494.73 7494.8 7495.02 7495.39 7495.9 7496.55 7497.33 7498.25 7499.31 7500.52 7501.89 7503.43 7505.16 7507.07 7509.15 7511.38 7513.68 7515.96 7518.07 7519.8 7520.96 7521.37 7520.96 7519.8 7518.07 7515.96 7513.68 7511.38 7509.15 7507.07 7505.16 7503.43 
7500.72 7499.42 7498.25 7497.19 7496.24 7495.42 7494.72 7494.16 7493.74 7493.49 7493.41 7493.49 7493.74 7494.16 7494.72 7495.42 7496.24 7497.19 7498.25 7499.42 7500.72 7502.13 7503.66 7505.32 7507.07 7508.89 7510.72 7512.48 7514.06 7515.33 7516.16 7516.45 7516.16 7515.33 7514.06 7512.48 7510.72 7508.89 7507.07 7505.32 7503.66 7502.13 
7499.5 7498.25 7497.07 7495.98 7494.97 7494.07 7493.28 7492.63 7492.15 7491.85 7491.75 7491.85 7492.15 7492.63 7493.28 7494.07 7494.97 7495.98 7497.07 7498.25 7499.5 7500.82 7502.21 7503.66 7505.16 7506.67 7508.14 7509.53 7510.74 7511.69 7512.3 7512.52 7512.3 7511.69 7510.74 7509.53 7508.14 7506.67 7505.16 7503.66 7502.21 7500.82 
7498.25 7497 7495.78 7494.61 7493.49 7492.46 7491.54 7490.77 7490.19 7489.82 7489.7 7489.82 7490.19 7490.77 7491.54 7492.46 7493.49 7494.61 7495.78 7497 7498.25 7499.52 7500.82 7502.13 7503.43 7504.71 7505.93 7507.04 7507.99 7508.72 7509.19 7509.35 7509.19 7508.72 7507.99 7507.04 7505.93 7504.71 7503.43 7502.13 7500.82 7499.52 
