7495.25 7492.27 7489.32 7486.47 7483.78 7481.3 7479.12 7477.3 7475.94 7475.09 7474.8 7475.09 7475.94 7477.3 7479.12 7481.3 7483.78 7486.47 7489.32 7492.27 7495.25 7498.24 7501.17 7504.02 7506.73 7509.25 7511.54 7513.52 7515.14 7516.35 7517.1 7517.35 7517.1 7516.35 7515.14 7513.52 7511.54 7509.25 7506.73 7504.02 7501.17 7498.24 
7492.27 7489.18 7486.08 7483.03 7480.09 7477.34 7474.87 7472.78 7471.19 7470.18 7469.84 7470.18 7471.19 7472.78 7474.87 7477.34 7480.09 7483.03 7486.08 7489.18 7492.27 7495.3 7498.24 7501.04 7503.66 7506.07 7508.22 7510.06 7511.55 7512.65 7513.32 7513.55 7513.32 7512.65 7511.55 7510.06 7508.22 7506.07 7503.66 7501.04 7498.24 7495.3 
7489.32 7486.08 7482.77 7479.44 7476.18 7473.05 7470.19 7467.72 7465.8 7464.58 7464.15 7464.58 7465.8 7467.72 7470.19 7473.05 7476.18 7479.44 7482.77 7486.08 7489.32 7492.45 7495.44 7498.24 7500.82 7503.16 7505.23 7506.97 7508.37 7509.4 7510.02 7510.23 7510.02 7509.4 7508.37 7506.97 7505.23 7503.16 7500.82 7498.24 7495.44 7492.45 
7486.47 7483.03 7479.44 7475.77 7472.08 7468.47 7465.07 7462.07 7459.67 7458.11 7457.57 7458.11 7459.67 7462.07 7465.07 7468.47 7472.08 7475.77 7479.44 7483.03 7486.47 7489.74 7492.81 7495.65 7498.24 7500.55 7502.56 7504.25 7505.59 7506.57 7507.16 7507.36 7507.16 7506.57 7505.59 7504.25 7502.56 7500.55 7498.24 7495.65 7492.81 7489.74 
7483.78 7480.09 7476.18 7472.08 7467.86 7463.62 7459.51 7455.76 7452.66 7450.58 7449.83 7450.58 7452.66 7455.76 7459.51 7463.62 7467.86 7472.08 7476.18 7480.09 7483.78 7487.22 7490.4 7493.31 7495.93 7498.24 7500.23 7501.89 7503.2 7504.15 7504.72 7504.91 7504.72 7504.15 7503.2 7501.89 7500.23 7498.24 7495.93 7493.31 7490.4 7487.22 
7481.3 7477.34 7473.05 7468.47 7463.62 7458.6 7453.54 7448.73 7444.57 7441.64 7440.56 7441.64 7444.57 7448.73 7453.54 7458.6 7463.62 7468.47 7473.05 7477.34 7481.3 7484.94 7488.26 7491.25 7493.91 7496.24 7498.24 7499.88 7501.18 7502.11 7502.67 7502.86 7502.67 7502.11 7501.18 7499.88 7498.24 7496.24 7493.91 7491.25 7488.26 7484.94 
7479.12 7474.87 7470.19 7465.07 7459.51 7453.54 7447.27 7440.98 7435.18 7430.8 7429.05 7430.8 7435.18 7440.98 7447.27 7453.54 7459.51 7465.07 7470.19 7474.87 7479.12 7482.96 7486.42 7489.5 7492.22 7494.59 7496.59 7498.24 7499.52 7500.45 7501 7501.19 7501 7500.45 7499.52 7498.24 7496.59 7494.59 7492.22 7489.5 7486.42 7482.96 
7477.3 7472.78 7467.72 7462.07 7455.76 7448.73 7440.98 7432.66 7424.31 7417.25 7413.98 7417.25 7424.31 7432.66 7440.98 7448.73 7455.76 7462.07 7467.72 7472.78 7477.3 7481.34 7484.93 7488.1 7490.88 7493.28 7495.3 7496.95 7498.24 7499.16 7499.71 7499.89 7499.71 7499.16 7498.24 7496.95 7495.3 7493.28 7490.88 7488.1 7484.93 7481.34 
7475.94 7471.19 7465.8 7459.67 7452.66 7444.57 7435.18 7424.31 7412.1 7399.85 7392.3 7399.85 7412.1 7424.31 7435.18 7444.57 7452.66 7459.67 7465.8 7471.19 7475.94 7480.13 7483.83 7487.08 7489.91 7492.33 7494.37 7496.03 7497.32 7498.24 7498.79 7498.97 7498.79 7498.24 7497.32 7496.03 7494.37 7492.33 7489.91 7487.08 7483.83 7480.13 
7475.09 7470.18 7464.58 7458.11 7450.58 7441.64 7430.8 7417.25 7399.85 7377.68 7355.49 7377.68 7399.85 7417.25 7430.8 7441.64 7450.58 7458.11 7464.58 7470.18 7475.09 7479.39 7483.16 7486.46 7489.31 7491.76 7493.81 7495.48 7496.77 7497.69 7498.24 7498.42 7498.24 7497.69 7496.77 7495.48 7493.81 7491.76 7489.31 7486.46 7483.16 7479.39 
7474.8 7469.84 7464.15 7457.57 7449.83 7440.56 7429.05 7413.98 7392.3 7355.49 7274.31 7355.49 7392.3 7413.98 7429.05 7440.56 7449.83 7457.57 7464.15 7469.84 7474.8 7479.13 7482.93 7486.25 7489.11 7491.57 7493.62 7495.29 7496.58 7497.5 7498.05 7498.24 7498.05 7497.5 7496.58 7495.29 7493.62 7491.57 7489.11 7486.25 7482.93 7479.13 
7475.09 7470.18 7464.58 7458.11 7450.58 7441.64 7430.8 7417.25 7399.85 7377.68 7355.49 7377.68 7399.85 7417.25 7430.8 7441.64 7450.58 7458.11 7464.58 7470.18 7475.09 7479.39 7483.16 7486.46 7489.31 7491.76 7493.81 7495.48 7496.77 7497.69 7498.24 7498.42 7498.24 7497.69 7496.77 7495.48 7493.81 7491.76 7489.31 7486.46 7483.16 7479.39 
7475.94 7471.19 7465.8 7459.67 7452.66 7444.57 7435.18 7424.31 7412.1 7399.85 7392.3 7399.85 7412.1 7424.31 7435.18 7444.57 7452.66 7459.67 7465.8 7471.19 7475.94 7480.13 7483.83 7487.08 7489.91 7492.33 7494.37 7496.03 7497.32 7498.24 7498.79 7498.97 7498.79 7498.24 7497.32 7496.03 7494.37 7492.33 7489.91 7487.08 7483.83 7480.13 
7477.3 7472.78 7467.72 7462.07 7455.76 7448.73 7440.98 7432.66 7424.31 7417.25 7413.98 7417.25 7424.31 7432.66 7440.98 7448.73 7455.76 7462.07 7467.72 7472.78 7477.3 7481.34 7484.93 7488.1 7490.88 7493.28 7495.3 7496.95 7498.24 7499.16 7499.71 7499.89 7499.71 7499.16 7498.24 7496.95 7495.3 7493.28 7490.88 7488.1 7484.93 7481.34 
7479.12 7474.87 7470.19 7465.07 7459.51 7453.54 7447.27 7440.98 7435.18 7430.8 7429.05 7430.8 7435.18 7440.98 7447.27 7453.54 7459.51 7465.07 7470.19 7474.87 7479.12 7482.96 7486.42 7489.5 7492.22 7494.59 7496.59 7498.24 7499.52 7500.45 7501 7501.19 7501 7500.45 7499.52 7498.24 7496.59 7494.59 7492.22 7489.5 7486.42 7482.96 
7481.3 7477.34 7473.05 7468.47 7463.62 7458.6 7453.54 7448.73 7444.57 7441.64 7440.56 7441.64 7444.57 7448.73 7453.54 7458.6 7463.62 7468.47 7473.05 7477.34 7481.3 7484.94 7488.26 7491.25 7493.91 7496.24 7498.24 7499.88 7501.18 7502.11 7502.67 7502.86 7502.67 7502.11 7501.18 7499.88 7498.24 7496.24 7493.91 7491.25 7488.26 7484.94 
7483.78 7480.09 7476.18 7472.08 7467.86 7463.62 7459.51 7455.76 7452.66 7450.58 7449.83 7450.58 7452.66 7455.76 7459.51 7463.62 7467.86 7472.08 7476.18 7480.09 7483.78 7487.22 7490.4 7493.31 7495.93 7498.24 7500.23 7501.89 7503.2 7504.15 7504.72 7504.91 7504.72 7504.15 7503.2 7501.89 7500.23 7498.24 7495.93 7493.31 7490.4 7487.22 
7486.47 7483.03 7479.44 7475.77 7472.08 7468.47 7465.07 7462.07 7459.67 7458.11 7457.57 7458.11 7459.67 7462.07 7465.07 7468.47 7472.08 7475.77 7479.44 7483.03 7486.47 7489.74 7492.81 7495.65 7498.24 7500.55 7502.56 7504.25 7505.59 7506.57 7507.16 7507.36 7507.16 7506.57 7505.59 7504.25 7502.56 7500.55 7498.24 7495.65 7492.81 7489.74 
7489.32 7486.08 7482.77 7479.44 7476.18 7473.05 7470.19 7467.72 7465.8 7464.58 7464.15 7464.58 7465.8 7467.72 7470.19 7473.05 7476.18 7479.44 7482.77 7486.08 7489.32 7492.45 7495.44 7498.24 7500.82 7503.16 7505.23 7506.97 7508.37 7509.4 7510.02 7510.23 7510.02 7509.4 7508.37 7506.97 7505.23 7503.16 7500.82 7498.24 7495.44 7492.45 
7492.27 7489.18 7486.08 7483.03 7480.09 7477.34 7474.87 7472.78 7471.19 7470.18 7469.84 7470.18 7471.19 7472.78 7474.87 7477.34 7480.09 7483.03 7486.08 7489.18 7492.27 7495.3 7498.24 7501.04 7503.66 7506.07 7508.22 7510.06 7511.55 7512.65 7513.32 7513.55 7513.32 7512.65 7511.55 7510.06 7508.22 7506.07 7503.66 7501.04 7498.24 7495.3 
7495.25 7492.27 7489.32 7486.47 7483.78 7481.3 7479.12 7477.3 7475.94 7475.09 7474.8 7475.09 7475.94 7477.3 7479.12 7481.3 7483.78 7486.47 7489.32 7492.27 7495.25 7498.24 7501.17 7504.02 7506.73 7509.25 7511.54 7513.52 7515.14 7516.35 7517.1 7517.35 7517.1 7516.35 7515.14 7513.52 7511.54 7509.25 7506.73 7504.02 7501.17 7498.24 
7498.24 7495.3 7492.45 7489.74 7487.22 7484.94 7482.96 7481.34 7480.13 7479.39 7479.13 7479.39 7480.13 7481.34 7482.96 7484.94 7487.22 7489.74 7492.45 7495.3 7498.24 7501.22 7504.21 7507.15 7510 7512.7 7515.18 7517.37 7519.18 7520.55 7521.4 7521.69 7521.4 7520.55 7519.18 7517.37 7515.18 7512.7 7510 7507.15 7504.21 7501.22 
7501.17 7498.24 7495.44 7492.81 7490.4 7488.26 7486.42 7484.93 7483.83 7483.16 7482.93 7483.16 7483.83 7484.93 7486.42 7488.26 7490.4 7492.81 7495.44 7498.24 7501.17 7504.21 7507.3 7510.4 7513.45 7516.39 7519.15 7521.62 7523.71 7525.3 7526.31 7526.65 7526.31 7525.3 7523.71 7521.62 7519.15 7516.39 7513.45 7510.4 7507.3 7504.21 
7504.02 7501.04 7498.24 7495.65 7493.31 7491.25 7489.5 7488.1 7487.08 7486.46 7486.25 7486.46 7487.08 7488.1 7489.5 7491.25 7493.31 7495.65 7498.24 7501.04 7504.02 7507.15 7510.4 7513.71 7517.04 7520.31 7523.44 7526.3 7528.77 7530.7 7531.93 7532.35 7531.93 7530.7 7528.77 7526.3 7523.44 7520.31 7517.04 7513.71 7510.4 7507.15 
7506.73 7503.66 7500.82 7498.24 7495.93 7493.91 7492.22 7490.88 7489.91 7489.31 7489.11 7489.31 7489.91 7490.88 7492.22 7493.91 7495.93 7498.24 7500.82 7503.66 7506.73 7510 7513.45 7517.04 7520.71 7524.41 7528.03 7531.43 7534.44 7536.84 7538.4 7538.95 7538.4 7536.84 7534.44 7531.43 7528.03 7524.41 7520.71 7517.04 7513.45 7510 
7509.25 7506.07 7503.16 7500.55 7498.24 7496.24 7494.59 7493.28 7492.33 7491.76 7491.57 7491.76 7492.33 7493.28 7494.59 7496.24 7498.24 7500.55 7503.16 7506.07 7509.25 7512.7 7516.39 7520.31 7524.41 7528.63 7532.88 7537 7540.76 7543.87 7545.96 7546.7 7545.96 7543.87 7540.76 7537 7532.88 7528.63 7524.41 7520.31 7516.39 7512.7 
7511.54 7508.22 7505.23 7502.56 7500.23 7498.24 7496.59 7495.3 7494.37 7493.81 7493.62 7493.81 7494.37 7495.3 7496.59 7498.24 7500.23 7502.56 7505.23 7508.22 7511.54 7515.18 7519.15 7523.44 7528.03 7532.88 7537.92 7542.98 7547.81 7551.98 7554.92 7556.01 7554.92 7551.98 7547.81 7542.98 7537.92 7532.88 7528.03 7523.44 7519.15 7515.18 
7513.52 7510.06 7506.97 7504.25 7501.89 7499.88 7498.24 7496.95 7496.03 7495.48 7495.29 7495.48 7496.03 7496.95 7498.24 7499.88 7501.89 7504.25 7506.97 7510.06 7513.52 7517.37 7521.62 7526.3 7531.43 7537 7542.98 7549.27 7555.58 7561.4 7565.8 7567.55 7565.8 7561.4 7555.58 7549.27 7542.98 7537 7531.43 7526.3 7521.62 7517.37 
7515.14 7511.55 7508.37 7505.59 7503.2 7501.18 7499.52 7498.24 7497.32 7496.77 7496.58 7496.77 7497.32 7498.24 7499.52 7501.18 7503.2 7505.59 7508.37 7511.55 7515.14 7519.18 7523.71 7528.77 7534.44 7540.76 7547.81 7555.58 7563.93 7572.31 7579.4 7582.69 7579.4 7572.31 7563.93 7555.58 7547.81 7540.76 7534.44 7528.77 7523.71 7519.18 
7516.35 7512.65 7509.4 7506.57 7504.15 7502.11 7500.45 7499.16 7498.24 7497.69 7497.5 7497.69 7498.24 7499.16 7500.45 7502.11 7504.15 7506.57 7509.4 7512.65 7516.35 7520.55 7525.3 7530.7 7536.84 7543.87 7551.98 7561.4 7572.31 7584.58 7596.9 7604.49 7596.9 7584.58 7572.31 7561.4 7551.98 7543.87 7536.84 7530.7 7525.3 7520.55 
7517.1 7513.32 7510.02 7507.16 7504.72 7502.67 7501 7499.71 7498.79 7498.24 7498.05 7498.24 7498.79 7499.71 7501 7502.67 7504.72 7507.16 7510.02 7513.32 7517.1 7521.4 7526.31 7531.93 7538.4 7545.96 7554.92 7565.8 7579.4 7596.9 7619.21 7641.57 7619.21 7596.9 7579.4 7565.8 7554.92 7545.96 7538.4 7531.93 7526.31 7521.4 
7517.35 7513.55 7510.23 7507.36 7504.91 7502.86 7501.19 7499.89 7498.97 7498.42 7498.24 7498.42 7498.97 7499.89 7501.19 7502.86 7504.91 7507.36 7510.23 7513.55 7517.35 7521.69 7526.65 7532.35 7538.95 7546.7 7556.01 7567.55 7582.69 7604.49 7641.57 7723.61 7641.57 7604.49 7582.69 7567.55 7556.01 7546.7 7538.95 7532.35 7526.65 7521.69 
7517.1 7513.32 7510.02 7507.16 7504.72 7502.67 7501 7499.71 7498.79 7498.24 7498.05 7498.24 7498.79 7499.71 7501 7502.67 7504.72 7507.16 7510.02 7513.32 7517.1 7521.4 7526.31 7531.93 7538.4 7545.96 7554.92 7565.8 7579.4 7596.9 7619.21 7641.57 7619.21 7596.9 7579.4 7565.8 7554.92 7545.96 7538.4 7531.93 7526.31 7521.4 
7516.35 7512.65 7509.4 7506.57 7504.15 7502.11 7500.45 7499.16 7498.24 7497.69 7497.5 7497.69 7498.24 7499.16 7500.45 7502.11 7504.15 7506.57 7509.4 7512.65 7516.35 7520.55 7525.3 7530.7 7536.84 7543.87 7551.98 7561.4 7572.31 7584.58 7596.9 7604.49 7596.9 7584.58 7572.31 7561.4 7551.98 7543.87 7536.84 7530.7 7525.3 7520.55 
7515.14 7511.55 7508.37 7505.59 7503.2 7501.18 7499.52 7498.24 7497.32 7496.77 7496.58 7496.77 7497.32 7498.24 7499.52 7501.18 7503.2 7505.59 7508.37 7511.55 7515.14 7519.18 7523.71 7528.77 7534.44 7540.76 7547.81 7555.58 7563.93 7572.31 7579.4 7582.69 7579.4 7572.31 7563.93 7555.58 7547.81 7540.76 7534.44 7528.77 7523.71 7519.18 
7513.52 7510.06 7506.97 7504.25 7501.89 7499.88 7498.24 7496.95 7496.03 7495.48 7495.29 7495.48 7496.03 7496.95 7498.24 7499.88 7501.89 7504.25 7506.97 7510.06 7513.52 7517.37 7521.62 7526.3 7531.43 7537 7542.98 7549.27 7555.58 7561.4 7565.8 7567.55 7565.8 7561.4 7555.58 7549.27 7542.98 7537 7531.43 7526.3 7521.62 7517.37 
7511.54 7508.22 7505.23 7502.56 7500.23 7498.24 7496.59 7495.3 7494.37 7493.81 7493.62 7493.81 7494.37 7495.3 7496.59 7498.24 7500.23 7502.56 7505.23 7508.22 7511.54 7515.18 7519.15 7523.44 7528.03 7532.88 7537.92 7542.98 7547.81 7551.98 7554.92 7556.01 7554.92 7551.98 7547.81 7542.98 7537.92 7532.88 7528.03 7523.44 7519.15 7515.18 
7509.25 7506.07 7503.16 7500.55 7498.24 7496.24 7494.59 7493.28 7492.33 7491.76 7491.57 7491.76 7492.33 7493.28 7494.59 7496.24 7498.24 7500.55 7503.16 7506.07 7509.25 7512.7 7516.39 7520.31 7524.41 7528.63 7532.88 7537 7540.76 7543.87 7545.96 7546.7 7545.96 7543.87 7540.76 7537 7532.88 7528.63 7524.41 7520.31 7516.39 7512.7 
7506.73 7503.66 7500.82 7498.24 7495.93 7493.91 7492.22 7490.88 7489.91 7489.31 7489.11 7489.31 7489.91 7490.88 7492.22 7493.91 7495.93 7498.24 7500.82 7503.66 7506.73 7510 7513.45 7517.04 7520.71 7524.41 7528.03 7531.43 7534.44 7536.84 7538.4 7538.95 7538.4 7536.84 7534.44 7531.43 7528.03 7524.41 7520.71 7517.04 7513.45 7510 
7504.02 7501.04 7498.24 7495.65 7493.31 7491.25 7489.5 7488.1 7487.08 7486.46 7486.25 7486.46 7487.08 7488.1 7489.5 7491.25 7493.31 7495.65 7498.24 7501.04 7504.02 7507.15 7510.4 7513.71 7517.04 7520.31 7523.44 7526.3 7528.77 7530.7 7531.93 7532.35 7531.93 7530.7 7528.77 7526.3 7523.44 7520.31 7517.04 7513.71 7510.4 7507.15 
7501.17 7498.24 7495.44 7492.81 7490.4 7488.26 7486.42 7484.93 7483.83 7483.16 7482.93 7483.16 7483.83 7484.93 7486.42 7488.26 7490.4 7492.81 7495.44 7498.24 7501.17 7504.21 7507.3 7510.4 7513.45 7516.39 7519.15 7521.62 7523.71 7525.3 7526.31 7526.65 7526.31 7525.3 7523.71 7521.62 7519.15 7516.39 7513.45 7510.4 7507.3 7504.21 
7498.24 7495.3 7492.45 7489.74 7487.22 7484.94 7482.96 7481.34 7480.13 7479.39 7479.13 7479.39 7480.13 7481.34 7482.96 7484.94 7487.22 7489.74 7492.45 7495.3 7498.24 7501.22 7504.21 7507.15 7510 7512.7 7515.18 7517.37 7519.18 7520.55 7521.4 7521.69 7521.4 7520.55 7519.18 7517.37 7515.18 7512.7 7510 7507.15 7504.21 7501.22 
