7497.28 7496.3 7495.29 7494.28 7493.27 7492.29 7491.39 7490.61 7490 7489.61 7489.47 7489.61 7490 7490.61 7491.39 7492.29 7493.27 7494.28 7495.29 7496.3 7497.28 7498.25 7499.19 7500.11 7501.01 7501.86 7502.66 7503.39 7504 7504.47 7504.76 7504.86 7504.76 7504.47 7504 7503.39 7502.66 7501.86 7501.01 7500.11 7499.19 7498.25 
7496.3 7495.22 7494.08 7492.89 7491.66 7490.44 7489.28 7488.25 7487.43 7486.9 7486.71 7486.9 7487.43 7488.25 7489.28 7490.44 7491.66 7492.89 7494.08 7495.22 7496.3 7497.31 7498.25 7499.13 7499.95 7500.71 7501.39 7501.99 7502.49 7502.86 7503.09 7503.17 7503.09 7502.86 7502.49 7501.99 7501.39 7500.71 7499.95 7499.13 7498.25 7497.31 
7495.29 7494.08 7492.76 7491.32 7489.8 7488.24 7486.71 7485.33 7484.2 7483.46 7483.2 7483.46 7484.2 7485.33 7486.71 7488.24 7489.8 7491.32 7492.76 7494.08 7495.29 7496.39 7497.37 7498.25 7499.04 7499.74 7500.35 7500.87 7501.29 7501.6 7501.78 7501.85 7501.78 7501.6 7501.29 7500.87 7500.35 7499.74 7499.04 7498.25 7497.37 7496.39 
7494.28 7492.89 7491.32 7489.57 7487.66 7485.64 7483.62 7481.73 7480.15 7479.08 7478.71 7479.08 7480.15 7481.73 7483.62 7485.64 7487.66 7489.57 7491.32 7492.89 7494.28 7495.49 7496.55 7497.46 7498.25 7498.93 7499.5 7499.97 7500.34 7500.6 7500.77 7500.82 7500.77 7500.6 7500.34 7499.97 7499.5 7498.93 7498.25 7497.46 7496.55 7495.49 
7493.27 7491.66 7489.8 7487.66 7485.26 7482.65 7479.95 7477.33 7475.07 7473.5 7472.93 7473.5 7475.07 7477.33 7479.95 7482.65 7485.26 7487.66 7489.8 7491.66 7493.27 7494.63 7495.79 7496.76 7497.57 7498.25 7498.81 7499.25 7499.59 7499.83 7499.98 7500.03 7499.98 7499.83 7499.59 7499.25 7498.81 7498.25 7497.57 7496.76 7495.79 7494.63 
7492.29 7490.44 7488.24 7485.64 7482.65 7479.3 7475.68 7472.03 7468.73 7466.33 7465.43 7466.33 7468.73 7472.03 7475.68 7479.3 7482.65 7485.64 7488.24 7490.44 7492.29 7493.83 7495.1 7496.15 7497 7497.7 7498.25 7498.69 7499.01 7499.24 7499.38 7499.42 7499.38 7499.24 7499.01 7498.69 7498.25 7497.7 7497 7496.15 7495.1 7493.83 
7491.39 7489.28 7486.71 7483.62 7479.95 7475.68 7470.88 7465.78 7460.86 7457.01 7455.45 7457.01 7460.86 7465.78 7470.88 7475.68 7479.95 7483.62 7486.71 7489.28 7491.39 7493.11 7494.51 7495.63 7496.53 7497.25 7497.82 7498.25 7498.57 7498.8 7498.93 7498.97 7498.93 7498.8 7498.57 7498.25 7497.82 7497.25 7496.53 7495.63 7494.51 7493.11 
7490.61 7488.25 7485.33 7481.73 7477.33 7472.03 7465.78 7458.67 7451.22 7444.7 7441.62 7444.7 7451.22 7458.67 7465.78 7472.03 7477.33 7481.73 7485.33 7488.25 7490.61 7492.5 7494.01 7495.21 7496.16 7496.91 7497.49 7497.93 7498.25 7498.47 7498.6 7498.64 7498.6 7498.47 7498.25 7497.93 7497.49 7496.91 7496.16 7495.21 7494.01 7492.5 
7490 7487.43 7484.2 7480.15 7475.07 7468.73 7460.86 7451.22 7439.91 7428.21 7420.85 7428.21 7439.91 7451.22 7460.86 7468.73 7475.07 7480.15 7484.2 7487.43 7490 7492.03 7493.64 7494.9 7495.9 7496.67 7497.26 7497.71 7498.03 7498.25 7498.38 7498.42 7498.38 7498.25 7498.03 7497.71 7497.26 7496.67 7495.9 7494.9 7493.64 7492.03 
7489.61 7486.9 7483.46 7479.08 7473.5 7466.33 7457.01 7444.7 7428.21 7406.59 7384.57 7406.59 7428.21 7444.7 7457.01 7466.33 7473.5 7479.08 7483.46 7486.9 7489.61 7491.74 7493.41 7494.71 7495.73 7496.52 7497.12 7497.57 7497.9 7498.12 7498.25 7498.29 7498.25 7498.12 7497.9 7497.57 7497.12 7496.52 7495.73 7494.71 7493.41 7491.74 
7489.47 7486.71 7483.2 7478.71 7472.93 7465.43 7455.45 7441.62 7420.85 7384.57 7303.52 7384.57 7420.85 7441.62 7455.45 7465.43 7472.93 7478.71 7483.2 7486.71 7489.47 7491.63 7493.33 7494.65 7495.68 7496.47 7497.08 7497.53 7497.86 7498.08 7498.21 7498.25 7498.21 7498.08 7497.86 7497.53 7497.08 7496.47 7495.68 7494.65 7493.33 7491.63 
7489.61 7486.9 7483.46 7479.08 7473.5 7466.33 7457.01 7444.7 7428.21 7406.59 7384.57 7406.59 7428.21 7444.7 7457.01 7466.33 7473.5 7479.08 7483.46 7486.9 7489.61 7491.74 7493.41 7494.71 7495.73 7496.52 7497.12 7497.57 7497.9 7498.12 7498.25 7498.29 7498.25 7498.12 7497.9 7497.57 7497.12 7496.52 7495.73 7494.71 7493.41 7491.74 
7490 7487.43 7484.2 7480.15 7475.07 7468.73 7460.86 7451.22 7439.91 7428.21 7420.85 7428.21 7439.91 7451.22 7460.86 7468.73 7475.07 7480.15 7484.2 7487.43 7490 7492.03 7493.64 7494.9 7495.9 7496.67 7497.26 7497.71 7498.03 7498.25 7498.38 7498.42 7498.38 7498.25 7498.03 7497.71 7497.26 7496.67 7495.9 7494.9 7493.64 7492.03 
7490.61 7488.25 7485.33 7481.73 7477.33 7472.03 7465.78 7458.67 7451.22 7444.7 7441.62 7444.7 7451.22 7458.67 7465.78 7472.03 7477.33 7481.73 7485.33 7488.25 7490.61 7492.5 7494.01 7495.21 7496.16 7496.91 7497.49 7497.93 7498.25 7498.47 7498.6 7498.64 7498.6 7498.47 7498.25 7497.93 7497.49 7496.91 7496.16 7495.21 7494.01 7492.5 
7491.39 7489.28 7486.71 7483.62 7479.95 7475.68 7470.88 7465.78 7460.86 7457.01 7455.45 7457.01 7460.86 7465.78 7470.88 7475.68 7479.95 7483.62 7486.71 7489.28 7491.39 7493.11 7494.51 7495.63 7496.53 7497.25 7497.82 7498.25 7498.57 7498.8 7498.93 7498.97 7498.93 7498.8 7498.57 7498.25 7497.82 7497.25 7496.53 7495.63 7494.51 7493.11 
7492.29 7490.44 7488.24 7485.64 7482.65 7479.3 7475.68 7472.03 7468.73 7466.33 7465.43 7466.33 7468.73 7472.03 7475.68 7479.3 7482.65 7485.64 7488.24 7490.44 7492.29 7493.83 7495.1 7496.15 7497 7497.7 7498.25 7498.69 7499.01 7499.24 7499.38 7499.42 7499.38 7499.24 7499.01 7498.69 7498.25 7497.7 7497 7496.15 7495.1 7493.83 
7493.27 7491.66 7489.8 7487.66 7485.26 7482.65 7479.95 7477.33 7475.07 7473.5 7472.93 7473.5 7475.07 7477.33 7479.95 7482.65 7485.26 7487.66 7489.8 7491.66 7493.27 7494.63 7495.79 7496.76 7497.57 7498.25 7498.81 7499.25 7499.59 7499.83 7499.98 7500.03 7499.98 7499.83 7499.59 7499.25 7498.81 7498.25 7497.57 7496.76 7495.79 7494.63 
7494.28 7492.89 7491.32 7489.57 7487.66 7485.64 7483.62 7481.73 7480.15 7479.08 7478.71 7479.08 7480.15 7481.73 7483.62 7485.64 7487.66 7489.57 7491.32 7492.89 7494.28 7495.49 7496.55 7497.46 7498.25 7498.93 7499.5 7499.97 7500.34 7500.6 7500.77 7500.82 7500.77 7500.6 7500.34 7499.97 7499.5 7498.93 7498.25 7497.46 7496.55 7495.49 
7495.29 7494.08 7492.76 7491.32 7489.8 7488.24 7486.71 7485.33 7484.2 7483.46 7483.2 7483.46 7484.2 7485.33 7486.71 7488.24 7489.8 7491.32 7492.76 7494.08 7495.29 7496.39 7497.37 7498.25 7499.04 7499.74 7500.35 7500.87 7501.29 7501.6 7501.78 7501.85 7501.78 7501.6 7501.29 7500.87 7500.35 7499.74 7499.04 7498.25 7497.37 7496.39 
7496.3 7495.22 7494.08 7492.89 7491.66 7490.44 7489.28 7488.25 7487.43 7486.9 7486.71 7486.9 7487.43 7488.25 7489.28 7490.44 7491.66 7492.89 7494.08 7495.22 7496.3 7497.31 7498.25 7499.13 7499.95 7500.71 7501.39 7501.99 7502.49 7502.86 7503.09 7503.17 7503.09 7502.86 7502.49 7501.99 7501.39 7500.71 7499.95 7499.13 7498.25 7497.31 
7497.28 7496.3 7495.29 7494.28 7493.27 7492.29 7491.39 7490.61 7490 7489.61 7489.47 7489.61 7490 7490.61 7491.39 7492.29 7493.27 7494.28 7495.29 7496.3 7497.28 7498.25 7499.19 7500.11 7501.01 7501.86 7502.66 7503.39 7504 7504.47 7504.76 7504.86 7504.76 7504.47 7504 7503.39 7502.66 7501.86 7501.01 7500.11 7499.19 7498.25 
7498.25 7497.31 7496.39 7495.49 7494.63 7493.83 7493.11 7492.5 7492.03 7491.74 7491.63 7491.74 7492.03 7492.5 7493.11 7493.83 7494.63 7495.49 7496.39 7497.31 7498.25 7499.21 7500.2 7501.2 7502.22 7503.23 7504.2 7505.11 7505.89 7506.5 7506.89 7507.02 7506.89 7506.5 7505.89 7505.11 7504.2 7503.23 7502.22 7501.2 7500.2 7499.21 
7499.19 7498.25 7497.37 7496.55 7495.79 7495.1 7494.51 7494.01 7493.64 7493.41 7493.33 7493.41 7493.64 7494.01 7494.51 7495.1 7495.79 7496.55 7497.37 7498.25 7499.19 7500.2 7501.27 7502.41 7503.61 7504.83 7506.05 7507.21 7508.25 7509.06 7509.59 7509.78 7509.59 7509.06 7508.25 7507.21 7506.05 7504.83 7503.61 7502.41 7501.27 7500.2 
7500.11 7499.13 7498.25 7497.46 7496.76 7496.15 7495.63 7495.21 7494.9 7494.71 7494.65 7494.71 7494.9 7495.21 7495.63 7496.15 7496.76 7497.46 7498.25 7499.13 7500.11 7501.2 7502.41 7503.74 7505.18 7506.7 7508.26 7509.78 7511.17 7512.29 7513.03 7513.29 7513.03 7512.29 7511.17 7509.78 7508.26 7506.7 7505.18 7503.74 7502.41 7501.2 
7501.01 7499.95 7499.04 7498.25 7497.57 7497 7496.53 7496.16 7495.9 7495.73 7495.68 7495.73 7495.9 7496.16 7496.53 7497 7497.57 7498.25 7499.04 7499.95 7501.01 7502.22 7503.61 7505.18 7506.93 7508.84 7510.85 7512.87 7514.77 7516.35 7517.41 7517.79 7517.41 7516.35 7514.77 7512.87 7510.85 7508.84 7506.93 7505.18 7503.61 7502.22 
7501.86 7500.71 7499.74 7498.93 7498.25 7497.7 7497.25 7496.91 7496.67 7496.52 7496.47 7496.52 7496.67 7496.91 7497.25 7497.7 7498.25 7498.93 7499.74 7500.71 7501.86 7503.23 7504.83 7506.7 7508.84 7511.23 7513.84 7516.54 7519.16 7521.42 7522.99 7523.56 7522.99 7521.42 7519.16 7516.54 7513.84 7511.23 7508.84 7506.7 7504.83 7503.23 
7502.66 7501.39 7500.35 7499.5 7498.81 7498.25 7497.82 7497.49 7497.26 7497.12 7497.08 7497.12 7497.26 7497.49 7497.82 7498.25 7498.81 7499.5 7500.35 7501.39 7502.66 7504.2 7506.05 7508.26 7510.85 7513.84 7517.2 7520.81 7524.47 7527.77 7530.17 7531.08 7530.17 7527.77 7524.47 7520.81 7517.2 7513.84 7510.85 7508.26 7506.05 7504.2 
7503.39 7501.99 7500.87 7499.97 7499.25 7498.69 7498.25 7497.93 7497.71 7497.57 7497.53 7497.57 7497.71 7497.93 7498.25 7498.69 7499.25 7499.97 7500.87 7501.99 7503.39 7505.11 7507.21 7509.78 7512.87 7516.54 7520.81 7525.61 7530.73 7535.65 7539.5 7541.07 7539.5 7535.65 7530.73 7525.61 7520.81 7516.54 7512.87 7509.78 7507.21 7505.11 
7504 7502.49 7501.29 7500.34 7499.59 7499.01 7498.57 7498.25 7498.03 7497.9 7497.86 7497.9 7498.03 7498.25 7498.57 7499.01 7499.59 7500.34 7501.29 7502.49 7504 7505.89 7508.25 7511.17 7514.77 7519.16 7524.47 7530.73 7537.84 7545.31 7551.84 7554.94 7551.84 7545.31 7537.84 7530.73 7524.47 7519.16 7514.77 7511.17 7508.25 7505.89 
7504.47 7502.86 7501.6 7500.6 7499.83 7499.24 7498.8 7498.47 7498.25 7498.12 7498.08 7498.12 7498.25 7498.47 7498.8 7499.24 7499.83 7500.6 7501.6 7502.86 7504.47 7506.5 7509.06 7512.29 7516.35 7521.42 7527.77 7535.65 7545.31 7556.65 7568.39 7575.78 7568.39 7556.65 7545.31 7535.65 7527.77 7521.42 7516.35 7512.29 7509.06 7506.5 
7504.76 7503.09 7501.78 7500.77 7499.98 7499.38 7498.93 7498.6 7498.38 7498.25 7498.21 7498.25 7498.38 7498.6 7498.93 7499.38 7499.98 7500.77 7501.78 7503.09 7504.76 7506.89 7509.59 7513.03 7517.41 7522.99 7530.17 7539.5 7551.84 7568.39 7590.11 7612.26 7590.11 7568.39 7551.84 7539.5 7530.17 7522.99 7517.41 7513.03 7509.59 7506.89 
7504.86 7503.17 7501.85 7500.82 7500.03 7499.42 7498.97 7498.64 7498.42 7498.29 7498.25 7498.29 7498.42 7498.64 7498.97 7499.42 7500.03 7500.82 7501.85 7503.17 7504.86 7507.02 7509.78 7513.29 7517.79 7523.56 7531.08 7541.07 7554.94 7575.78 7612.26 7694.03 7612.26 7575.78 7554.94 7541.07 7531.08 7523.56 7517.79 7513.29 7509.78 7507.02 
7504.76 7503.09 7501.78 7500.77 7499.98 7499.38 7498.93 7498.6 7498.38 7498.25 7498.21 7498.25 7498.38 7498.6 7498.93 7499.38 7499.98 7500.77 7501.78 7503.09 7504.76 7506.89 7509.59 7513.03 7517.41 7522.99 7530.17 7539.5 7551.84 7568.39 7590.11 7612.26 7590.11 7568.39 7551.84 7539.5 7530.17 7522.99 7517.41 7513.03 7509.59 7506.89 
7504.47 7502.86 7501.6 7500.6 7499.83 7499.24 7498.8 7498.47 7498.25 7498.12 7498.08 7498.12 7498.25 7498.47 7498.8 7499.24 7499.83 7500.6 7501.6 7502.86 7504.47 7506.5 7509.06 7512.29 7516.35 7521.42 7527.77 7535.65 7545.31 7556.65 7568.39 7575.78 7568.39 7556.65 7545.31 7535.65 7527.77 7521.42 7516.35 7512.29 7509.06 7506.5 
7504 7502.49 7501.29 7500.34 7499.59 7499.01 7498.57 7498.25 7498.03 7497.9 7497.86 7497.9 7498.03 7498.25 7498.57 7499.01 7499.59 7500.34 7501.29 7502.49 7504 7505.89 7508.25 7511.17 7514.77 7519.16 7524.47 7530.73 7537.84 7545.31 7551.84 7554.94 7551.84 7545.31 7537.84 7530.73 7524.47 7519.16 7514.77 7511.17 7508.25 7505.89 
7503.39 7501.99 7500.87 7499.97 7499.25 7498.69 7498.25 7497.93 7497.71 7497.57 7497.53 7497.57 7497.71 7497.93 7498.25 7498.69 7499.25 7499.97 7500.87 7501.99 7503.39 7505.11 7507.21 7509.78 7512.87 7516.54 7520.81 7525.61 7530.73 7535.65 7539.5 7541.07 7539.5 7535.65 7530.73 7525.61 7520.81 7516.54 7512.87 7509.78 7507.21 7505.11 
7502.66 7501.39 7500.35 7499.5 7498.81 7498.25 7497.82 7497.49 7497.26 7497.12 7497.08 7497.12 7497.26 7497.49 7497.82 7498.25 7498.81 7499.5 7500.35 7501.39 7502.66 7504.2 7506.05 7508.26 7510.85 7513.84 7517.2 7520.81 7524.47 7527.77 7530.17 7531.08 7530.17 7527.77 7524.47 7520.81 7517.2 7513.84 7510.85 7508.26 7506.05 7504.2 
7501.86 7500.71 7499.74 7498.93 7498.25 7497.7 7497.25 7496.91 7496.67 7496.52 7496.47 7496.52 7496.67 7496.91 7497.25 7497.7 7498.25 7498.93 7499.74 7500.71 7501.86 7503.23 7504.83 7506.7 7508.84 7511.23 7513.84 7516.54 7519.16 7521.42 7522.99 7523.56 7522.99 7521.42 7519.16 7516.54 7513.84 7511.23 7508.84 7506.7 7504.83 7503.23 
7501.01 7499.95 7499.04 7498.25 7497.57 7497 7496.53 7496.16 7495.9 7495.73 7495.68 7495.73 7495.9 7496.16 7496.53 7497 7497.57 7498.25 7499.04 7499.95 7501.01 7502.22 7503.61 7505.18 7506.93 7508.84 7510.85 7512.87 7514.77 7516.35 7517.41 7517.79 7517.41 7516.35 7514.77 7512.87 7510.85 7508.84 7506.93 7505.18 7503.61 7502.22 
7500.11 7499.13 7498.25 7497.46 7496.76 7496.15 7495.63 7495.21 7494.9 7494.71 7494.65 7494.71 7494.9 7495.21 7495.63 7496.15 7496.76 7497.46 7498.25 7499.13 7500.11 7501.2 7502.41 7503.74 7505.18 7506.7 7508.26 7509.78 7511.17 7512.29 7513.03 7513.29 7513.03 7512.29 7511.17 7509.78 7508.26 7506.7 7505.18 7503.74 7502.41 7501.2 
7499.19 7498.25 7497.37 7496.55 7495.79 7495.1 7494.51 7494.01 7493.64 7493.41 7493.33 7493.41 7493.64 7494.01 7494.51 7495.1 7495.79 7496.55 7497.37 7498.25 7499.19 7500.2 7501.27 7502.41 7503.61 7504.83 7506.05 7507.21 7508.25 7509.06 7509.59 7509.78 7509.59 7509.06 7508.25 7507.21 7506.05 7504.83 7503.61 7502.41 7501.27 7500.2 
7498.25 7497.31 7496.39 7495.49 7494.63 7493.83 7493.11 7492.5 7492.03 7491.74 7491.63 7491.74 7492.03 7492.5 7493.11 7493.83 7494.63 7495.49 7496.39 7497.31 7498.25 7499.21 7500.2 7501.2 7502.22 7503.23 7504.2 7505.11 7505.89 7506.5 7506.89 7507.02 7506.89 7506.5 7505.89 7505.11 7504.2 7503.23 7502.22 7501.2 7500.2 7499.21 
