7494.99 7491.75 7488.56 7485.48 7482.57 7479.91 7477.56 7475.62 7474.16 7473.25 7472.95 7473.25 7474.16 7475.62 7477.56 7479.91 7482.57 7485.48 7488.56 7491.75 7494.99 7498.23 7501.43 7504.52 7507.46 7510.2 7512.67 7514.81 7516.56 7517.87 7518.67 7518.94 7518.67 7517.87 7516.56 7514.81 7512.67 7510.2 7507.46 7504.52 7501.43 7498.23 
7491.75 7488.41 7485.06 7481.78 7478.63 7475.69 7473.06 7470.84 7469.16 7468.1 7467.74 7468.1 7469.16 7470.84 7473.06 7475.69 7478.63 7481.78 7485.06 7488.41 7491.75 7495.04 7498.23 7501.28 7504.14 7506.76 7509.09 7511.1 7512.71 7513.91 7514.64 7514.89 7514.64 7513.91 7512.71 7511.1 7509.09 7506.76 7504.14 7501.28 7498.23 7495.04 
7488.56 7485.06 7481.51 7477.95 7474.47 7471.16 7468.14 7465.54 7463.53 7462.25 7461.8 7462.25 7463.53 7465.54 7468.14 7471.16 7474.47 7477.95 7481.51 7485.06 7488.56 7491.95 7495.19 7498.23 7501.05 7503.61 7505.86 7507.76 7509.29 7510.41 7511.09 7511.32 7511.09 7510.41 7509.29 7507.76 7505.86 7503.61 7501.05 7498.23 7495.19 7491.95 
7485.48 7481.78 7477.95 7474.05 7470.15 7466.35 7462.79 7459.66 7457.17 7455.55 7454.99 7455.55 7457.17 7459.66 7462.79 7466.35 7470.15 7474.05 7477.95 7481.78 7485.48 7489.01 7492.33 7495.42 7498.23 7500.76 7502.96 7504.81 7506.28 7507.35 7508 7508.22 7508 7507.35 7506.28 7504.81 7502.96 7500.76 7498.23 7495.42 7492.33 7489.01 
7482.57 7478.63 7474.47 7470.15 7465.72 7461.29 7457.02 7453.13 7449.94 7447.8 7447.04 7447.8 7449.94 7453.13 7457.02 7461.29 7465.72 7470.15 7474.47 7478.63 7482.57 7486.27 7489.71 7492.86 7495.71 7498.23 7500.42 7502.24 7503.67 7504.71 7505.34 7505.56 7505.34 7504.71 7503.67 7502.24 7500.42 7498.23 7495.71 7492.86 7489.71 7486.27 
7479.91 7475.69 7471.16 7466.35 7461.29 7456.07 7450.86 7445.92 7441.66 7438.68 7437.58 7438.68 7441.66 7445.92 7450.86 7456.07 7461.29 7466.35 7471.16 7475.69 7479.91 7483.81 7487.38 7490.61 7493.51 7496.05 7498.23 7500.04 7501.46 7502.49 7503.1 7503.31 7503.1 7502.49 7501.46 7500.04 7498.23 7496.05 7493.51 7490.61 7487.38 7483.81 
7477.56 7473.06 7468.14 7462.79 7457.02 7450.86 7444.43 7438.01 7432.12 7427.68 7425.91 7427.68 7432.12 7438.01 7444.43 7450.86 7457.02 7462.79 7468.14 7473.06 7477.56 7481.67 7485.38 7488.71 7491.66 7494.23 7496.43 7498.23 7499.65 7500.67 7501.28 7501.48 7501.28 7500.67 7499.65 7498.23 7496.43 7494.23 7491.66 7488.71 7485.38 7481.67 
7475.62 7470.84 7465.54 7459.66 7453.13 7445.92 7438.01 7429.57 7421.12 7414.01 7410.71 7414.01 7421.12 7429.57 7438.01 7445.92 7453.13 7459.66 7465.54 7470.84 7475.62 7479.91 7483.76 7487.18 7490.19 7492.8 7495.01 7496.82 7498.23 7499.25 7499.86 7500.06 7499.86 7499.25 7498.23 7496.82 7495.01 7492.8 7490.19 7487.18 7483.76 7479.91 
7474.16 7469.16 7463.53 7457.17 7449.94 7441.66 7432.12 7421.12 7408.82 7396.51 7388.95 7396.51 7408.82 7421.12 7432.12 7441.66 7449.94 7457.17 7463.53 7469.16 7474.16 7478.61 7482.57 7486.06 7489.12 7491.76 7493.98 7495.8 7497.22 7498.23 7498.84 7499.05 7498.84 7498.23 7497.22 7495.8 7493.98 7491.76 7489.12 7486.06 7482.57 7478.61 
7473.25 7468.1 7462.25 7455.55 7447.8 7438.68 7427.68 7414.01 7396.51 7374.29 7352.07 7374.29 7396.51 7414.01 7427.68 7438.68 7447.8 7455.55 7462.25 7468.1 7473.25 7477.81 7481.84 7485.38 7488.47 7491.13 7493.36 7495.19 7496.61 7497.63 7498.23 7498.44 7498.23 7497.63 7496.61 7495.19 7493.36 7491.13 7488.47 7485.38 7481.84 7477.81 
7472.95 7467.74 7461.8 7454.99 7447.04 7437.58 7425.91 7410.71 7388.95 7352.07 7270.89 7352.07 7388.95 7410.71 7425.91 7437.58 7447.04 7454.99 7461.8 7467.74 7472.95 7477.54 7481.59 7485.15 7488.25 7490.91 7493.16 7494.99 7496.41 7497.42 7498.03 7498.23 7498.03 7497.42 7496.41 7494.99 7493.16 7490.91 7488.25 7485.15 7481.59 7477.54 
7473.25 7468.1 7462.25 7455.55 7447.8 7438.68 7427.68 7414.01 7396.51 7374.29 7352.07 7374.29 7396.51 7414.01 7427.68 7438.68 7447.8 7455.55 7462.25 7468.1 7473.25 7477.81 7481.84 7485.38 7488.47 7491.13 7493.36 7495.19 7496.61 7497.63 7498.23 7498.44 7498.23 7497.63 7496.61 7495.19 7493.36 7491.13 7488.47 7485.38 7481.84 7477.81 
7474.16 7469.16 7463.53 7457.17 7449.94 7441.66 7432.12 7421.12 7408.82 7396.51 7388.95 7396.51 7408.82 7421.12 7432.12 7441.66 7449.94 7457.17 7463.53 7469.16 7474.16 7478.61 7482.57 7486.06 7489.12 7491.76 7493.98 7495.8 7497.22 7498.23 7498.84 7499.05 7498.84 7498.23 7497.22 7495.8 7493.98 7491.76 7489.12 7486.06 7482.57 7478.61 
7475.62 7470.84 7465.54 7459.66 7453.13 7445.92 7438.01 7429.57 7421.12 7414.01 7410.71 7414.01 7421.12 7429.57 7438.01 7445.92 7453.13 7459.66 7465.54 7470.84 7475.62 7479.91 7483.76 7487.18 7490.19 7492.8 7495.01 7496.82 7498.23 7499.25 7499.86 7500.06 7499.86 7499.25 7498.23 7496.82 7495.01 7492.8 7490.19 7487.18 7483.76 7479.91 
7477.56 7473.06 7468.14 7462.79 7457.02 7450.86 7444.43 7438.01 7432.12 7427.68 7425.91 7427.68 7432.12 7438.01 7444.43 7450.86 7457.02 7462.79 7468.14 7473.06 7477.56 7481.67 7485.38 7488.71 7491.66 7494.23 7496.43 7498.23 7499.65 7500.67 7501.28 7501.48 7501.28 7500.67 7499.65 7498.23 7496.43 7494.23 7491.66 7488.71 7485.38 7481.67 
7479.91 7475.69 7471.16 7466.35 7461.29 7456.07 7450.86 7445.92 7441.66 7438.68 7437.58 7438.68 7441.66 7445.92 7450.86 7456.07 7461.29 7466.35 7471.16 7475.69 7479.91 7483.81 7487.38 7490.61 7493.51 7496.05 7498.23 7500.04 7501.46 7502.49 7503.1 7503.31 7503.1 7502.49 7501.46 7500.04 7498.23 7496.05 7493.51 7490.61 7487.38 7483.81 
7482.57 7478.63 7474.47 7470.15 7465.72 7461.29 7457.02 7453.13 7449.94 7447.8 7447.04 7447.8 7449.94 7453.13 7457.02 7461.29 7465.72 7470.15 7474.47 7478.63 7482.57 7486.27 7489.71 7492.86 7495.71 7498.23 7500.42 7502.24 7503.67 7504.71 7505.34 7505.56 7505.34 7504.71 7503.67 7502.24 7500.42 7498.23 7495.71 7492.86 7489.71 7486.27 
7485.48 7481.78 7477.95 7474.05 7470.15 7466.35 7462.79 7459.66 7457.17 7455.55 7454.99 7455.55 7457.17 7459.66 7462.79 7466.35 7470.15 7474.05 7477.95 7481.78 7485.48 7489.01 7492.33 7495.42 7498.23 7500.76 7502.96 7504.81 7506.28 7507.35 7508 7508.22 7508 7507.35 7506.28 7504.81 7502.96 7500.76 7498.23 7495.42 7492.33 7489.01 
7488.56 7485.06 7481.51 7477.95 7474.47 7471.16 7468.14 7465.54 7463.53 7462.25 7461.8 7462.25 7463.53 7465.54 7468.14 7471.16 7474.47 7477.95 7481.51 7485.06 7488.56 7491.95 7495.19 7498.23 7501.05 7503.61 7505.86 7507.76 7509.29 7510.41 7511.09 7511.32 7511.09 7510.41 7509.29 7507.76 7505.86 7503.61 7501.05 7498.23 7495.19 7491.95 
7491.75 7488.41 7485.06 7481.78 7478.63 7475.69 7473.06 7470.84 7469.16 7468.1 7467.74 7468.1 7469.16 7470.84 7473.06 7475.69 7478.63 7481.78 7485.06 7488.41 7491.75 7495.04 7498.23 7501.28 7504.14 7506.76 7509.09 7511.1 7512.71 7513.91 7514.64 7514.89 7514.64 7513.91 7512.71 7511.1 7509.09 7506.76 7504.14 7501.28 7498.23 7495.04 
7494.99 7491.75 7488.56 7485.48 7482.57 7479.91 7477.56 7475.62 7474.16 7473.25 7472.95 7473.25 7474.16 7475.62 7477.56 7479.91 7482.57 7485.48 7488.56 7491.75 7494.99 7498.23 7501.43 7504.52 7507.46 7510.2 7512.67 7514.81 7516.56 7517.87 7518.67 7518.94 7518.67 7517.87 7516.56 7514.81 7512.67 7510.2 7507.46 7504.52 7501.43 7498.23 
7498.23 7495.04 7491.95 7489.01 7486.27 7483.81 7481.67 7479.91 7478.61 7477.81 7477.54 7477.81 7478.61 7479.91 7481.67 7483.81 7486.27 7489.01 7491.95 7495.04 7498.23 7501.48 7504.72 7507.91 7510.99 7513.9 7516.57 7518.92 7520.86 7522.32 7523.23 7523.54 7523.23 7522.32 7520.86 7518.92 7516.57 7513.9 7510.99 7507.91 7504.72 7501.48 
7501.43 7498.23 7495.19 7492.33 7489.71 7487.38 7485.38 7483.76 7482.57 7481.84 7481.59 7481.84 7482.57 7483.76 7485.38 7487.38 7489.71 7492.33 7495.19 7498.23 7501.43 7504.72 7508.06 7511.41 7514.69 7517.85 7520.79 7523.43 7525.65 7527.33 7528.4 7528.76 7528.4 7527.33 7525.65 7523.43 7520.79 7517.85 7514.69 7511.41 7508.06 7504.72 
7504.52 7501.28 7498.23 7495.42 7492.86 7490.61 7488.71 7487.18 7486.06 7485.38 7485.15 7485.38 7486.06 7487.18 7488.71 7490.61 7492.86 7495.42 7498.23 7501.28 7504.52 7507.91 7511.41 7514.97 7518.53 7522.01 7525.33 7528.36 7530.96 7532.97 7534.26 7534.7 7534.26 7532.97 7530.96 7528.36 7525.33 7522.01 7518.53 7514.97 7511.41 7507.91 
7507.46 7504.14 7501.05 7498.23 7495.71 7493.51 7491.66 7490.19 7489.12 7488.47 7488.25 7488.47 7489.12 7490.19 7491.66 7493.51 7495.71 7498.23 7501.05 7504.14 7507.46 7510.99 7514.69 7518.53 7522.44 7526.35 7530.15 7533.71 7536.85 7539.35 7540.97 7541.54 7540.97 7539.35 7536.85 7533.71 7530.15 7526.35 7522.44 7518.53 7514.69 7510.99 
7510.2 7506.76 7503.61 7500.76 7498.23 7496.05 7494.23 7492.8 7491.76 7491.13 7490.91 7491.13 7491.76 7492.8 7494.23 7496.05 7498.23 7500.76 7503.61 7506.76 7510.2 7513.9 7517.85 7522.01 7526.35 7530.78 7535.22 7539.5 7543.39 7546.59 7548.74 7549.5 7548.74 7546.59 7543.39 7539.5 7535.22 7530.78 7526.35 7522.01 7517.85 7513.9 
7512.67 7509.09 7505.86 7502.96 7500.42 7498.23 7496.43 7495.01 7493.98 7493.36 7493.16 7493.36 7493.98 7495.01 7496.43 7498.23 7500.42 7502.96 7505.86 7509.09 7512.67 7516.57 7520.79 7525.33 7530.15 7535.22 7540.45 7545.67 7550.63 7554.9 7557.89 7559 7557.89 7554.9 7550.63 7545.67 7540.45 7535.22 7530.15 7525.33 7520.79 7516.57 
7514.81 7511.1 7507.76 7504.81 7502.24 7500.04 7498.23 7496.82 7495.8 7495.19 7494.99 7495.19 7495.8 7496.82 7498.23 7500.04 7502.24 7504.81 7507.76 7511.1 7514.81 7518.92 7523.43 7528.36 7533.71 7539.5 7545.67 7552.12 7558.57 7564.48 7568.94 7570.71 7568.94 7564.48 7558.57 7552.12 7545.67 7539.5 7533.71 7528.36 7523.43 7518.92 
7516.56 7512.71 7509.29 7506.28 7503.67 7501.46 7499.65 7498.23 7497.22 7496.61 7496.41 7496.61 7497.22 7498.23 7499.65 7501.46 7503.67 7506.28 7509.29 7512.71 7516.56 7520.86 7525.65 7530.96 7536.85 7543.39 7550.63 7558.57 7567.04 7575.52 7582.67 7585.98 7582.67 7575.52 7567.04 7558.57 7550.63 7543.39 7536.85 7530.96 7525.65 7520.86 
7517.87 7513.91 7510.41 7507.35 7504.71 7502.49 7500.67 7499.25 7498.23 7497.63 7497.42 7497.63 7498.23 7499.25 7500.67 7502.49 7504.71 7507.35 7510.41 7513.91 7517.87 7522.32 7527.33 7532.97 7539.35 7546.59 7554.9 7564.48 7575.52 7587.88 7600.26 7607.87 7600.26 7587.88 7575.52 7564.48 7554.9 7546.59 7539.35 7532.97 7527.33 7522.32 
7518.67 7514.64 7511.09 7508 7505.34 7503.1 7501.28 7499.86 7498.84 7498.23 7498.03 7498.23 7498.84 7499.86 7501.28 7503.1 7505.34 7508 7511.09 7514.64 7518.67 7523.23 7528.4 7534.26 7540.97 7548.74 7557.89 7568.94 7582.67 7600.26 7622.63 7645.02 7622.63 7600.26 7582.67 7568.94 7557.89 7548.74 7540.97 7534.26 7528.4 7523.23 
7518.94 7514.89 7511.32 7508.22 7505.56 7503.31 7501.48 7500.06 7499.05 7498.44 7498.23 7498.44 7499.05 7500.06 7501.48 7503.31 7505.56 7508.22 7511.32 7514.89 7518.94 7523.54 7528.76 7534.7 7541.54 7549.5 7559 7570.71 7585.98 7607.87 7645.02 7727.09 7645.02 7607.87 7585.98 7570.71 7559 7549.5 7541.54 7534.7 7528.76 7523.54 
7518.67 7514.64 7511.09 7508 7505.34 7503.1 7501.28 7499.86 7498.84 7498.23 7498.03 7498.23 7498.84 7499.86 7501.28 7503.1 7505.34 7508 7511.09 7514.64 7518.67 7523.23 7528.4 7534.26 7540.97 7548.74 7557.89 7568.94 7582.67 7600.26 7622.63 7645.02 7622.63 7600.26 7582.67 7568.94 7557.89 7548.74 7540.97 7534.26 7528.4 7523.23 
7517.87 7513.91 7510.41 7507.35 7504.71 7502.49 7500.67 7499.25 7498.23 7497.63 7497.42 7497.63 7498.23 7499.25 7500.67 7502.49 7504.71 7507.35 7510.41 7513.91 7517.87 7522.32 7527.33 7532.97 7539.35 7546.59 7554.9 7564.48 7575.52 7587.88 7600.26 7607.87 7600.26 7587.88 7575.52 7564.48 7554.9 7546.59 7539.35 7532.97 7527.33 7522.32 
7516.56 7512.71 7509.29 7506.28 7503.67 7501.46 7499.65 7498.23 7497.22 7496.61 7496.41 7496.61 7497.22 7498.23 7499.65 7501.46 7503.67 7506.28 7509.29 7512.71 7516.56 7520.86 7525.65 7530.96 7536.85 7543.39 7550.63 7558.57 7567.04 7575.52 7582.67 7585.98 7582.67 7575.52 7567.04 7558.57 7550.63 7543.39 7536.85 7530.96 7525.65 7520.86 
7514.81 7511.1 7507.76 7504.81 7502.24 7500.04 7498.23 7496.82 7495.8 7495.19 7494.99 7495.19 7495.8 7496.82 7498.23 7500.04 7502.24 7504.81 7507.76 7511.1 7514.81 7518.92 7523.43 7528.36 7533.71 7539.5 7545.67 7552.12 7558.57 7564.48 7568.94 7570.71 7568.94 7564.48 7558.57 7552.12 7545.67 7539.5 7533.71 7528.36 7523.43 7518.92 
7512.67 7509.09 7505.86 7502.96 7500.42 7498.23 7496.43 7495.01 7493.98 7493.36 7493.16 7493.36 7493.98 7495.01 7496.43 7498.23 7500.42 7502.96 7505.86 7509.09 7512.67 7516.57 7520.79 7525.33 7530.15 7535.22 7540.45 7545.67 7550.63 7554.9 7557.89 7559 7557.89 7554.9 7550.63 7545.67 7540.45 7535.22 7530.15 7525.33 7520.79 7516.57 
7510.2 7506.76 7503.61 7500.76 7498.23 7496.05 7494.23 7492.8 7491.76 7491.13 7490.91 7491.13 7491.76 7492.8 7494.23 7496.05 7498.23 7500.76 7503.61 7506.76 7510.2 7513.9 7517.85 7522.01 7526.35 7530.78 7535.22 7539.5 7543.39 7546.59 7548.74 7549.5 7548.74 7546.59 7543.39 7539.5 7535.22 7530.78 7526.35 7522.01 7517.85 7513.9 
7507.46 7504.14 7501.05 7498.23 7495.71 7493.51 7491.66 7490.19 7489.12 7488.47 7488.25 7488.47 7489.12 7490.19 7491.66 7493.51 7495.71 7498.23 7501.05 7504.14 7507.46 7510.99 7514.69 7518.53 7522.44 7526.35 7530.15 7533.71 7536.85 7539.35 7540.97 7541.54 7540.97 7539.35 7536.85 7533.71 7530.15 7526.35 7522.44 7518.53 7514.69 7510.99 
7504.52 7501.28 7498.23 7495.42 7492.86 7490.61 7488.71 7487.18 7486.06 7485.38 7485.15 7485.38 7486.06 7487.18 7488.71 7490.61 7492.86 7495.42 7498.23 7501.28 7504.52 7507.91 7511.41 7514.97 7518.53 7522.01 7525.33 7528.36 7530.96 7532.97 7534.26 7534.7 7534.26 7532.97 7530.96 7528.36 7525.33 7522.01 7518.53 7514.97 7511.41 7507.91 
7501.43 7498.23 7495.19 7492.33 7489.71 7487.38 7485.38 7483.76 7482.57 7481.84 7481.59 7481.84 7482.57 7483.76 7485.38 7487.38 7489.71 7492.33 7495.19 7498.23 7501.43 7504.72 7508.06 7511.41 7514.69 7517.85 7520.79 7523.43 7525.65 7527.33 7528.4 7528.76 7528.4 7527.33 7525.65 7523.43 7520.79 7517.85 7514.69 7511.41 7508.06 7504.72 
7498.23 7495.04 7491.95 7489.01 7486.27 7483.81 7481.67 7479.91 7478.61 7477.81 7477.54 7477.81 7478.61 7479.91 7481.67 7483.81 7486.27 7489.01 7491.95 7495.04 7498.23 7501.48 7504.72 7507.91 7510.99 7513.9 7516.57 7518.92 7520.86 7522.32 7523.23 7523.54 7523.23 7522.32 7520.86 7518.92 7516.57 7513.9 7510.99 7507.91 7504.72 7501.48 
